INFO:gpbo.core.optimize:startopt:
INFO:gpbo.core.optimize:---------------------
step 1:
INFO:gpbo.core.acquisitions:randomaq
INFO:gpbo.core.optimize:AQ returned [-0.7557365010599302, 0.189112667841683, -0.23356893903346765, 0.9833297031497801] : {'s': 0.0, 'd': [nan]}    aqtime: 0
evaluate:
examples/rosenbrock.py:38: DeprecationWarning: scipy.log is deprecated and will be removed in SciPy 2.0.0, use numpy.lib.scimath.log instead
  y = sp.log(y -(0) + 1)
INFO:gpbo.core.optimize:EV returned 6.648294577677169 : 1.0     evaltime: 0
INFO:gpbo.core.reccomenders:argmin reccomender
INFO:gpbo.core.optimize:RC returned [-0.7557365010599302, 0.189112667841683, -0.23356893903346765, 0.9833297031497801]     recctime: 0

INFO:gpbo.core.optimize:---------------------
step 2:
INFO:gpbo.core.acquisitions:randomaq
INFO:gpbo.core.optimize:AQ returned [0.8085619712423138, 0.2994717555876134, -0.08798812770412212, -0.050421852299157965] : {'s': 0.0, 'd': [nan]}    aqtime: 0
evaluate:
INFO:gpbo.core.optimize:EV returned 6.192257177087018 : 1.0     evaltime: 0
INFO:gpbo.core.reccomenders:argmin reccomender
INFO:gpbo.core.optimize:RC returned [0.8085619712423138, 0.2994717555876134, -0.08798812770412212, -0.050421852299157965]     recctime: 0

INFO:gpbo.core.optimize:---------------------
step 3:
INFO:gpbo.core.acquisitions:randomaq
INFO:gpbo.core.optimize:AQ returned [0.6618088862961722, -0.025629323628866496, -0.289173017753499, 0.18464536406358034] : {'s': 0.0, 'd': [nan]}    aqtime: 0
evaluate:
INFO:gpbo.core.optimize:EV returned 5.984658911022675 : 1.0     evaltime: 0
INFO:gpbo.core.reccomenders:argmin reccomender
INFO:gpbo.core.optimize:RC returned [0.6618088862961722, -0.025629323628866496, -0.289173017753499, 0.18464536406358034]     recctime: 0

INFO:gpbo.core.optimize:---------------------
step 4:
INFO:gpbo.core.acquisitions:randomaq
INFO:gpbo.core.optimize:AQ returned [-0.6687829906922962, -0.9595827780579729, -0.3588360064121585, 0.4558759590910675] : {'s': 0.0, 'd': [nan]}    aqtime: 0
evaluate:
INFO:gpbo.core.optimize:EV returned 8.194960455293916 : 1.0     evaltime: 0
INFO:gpbo.core.reccomenders:argmin reccomender
INFO:gpbo.core.optimize:RC returned [0.6618088862961722, -0.025629323628866496, -0.289173017753499, 0.18464536406358034]     recctime: 0

INFO:gpbo.core.optimize:---------------------
step 5:
INFO:gpbo.core.acquisitions:randomaq
INFO:gpbo.core.optimize:AQ returned [-0.8736325697575031, -0.4185426040107665, -0.23708974244952485, 0.8881775742806015] : {'s': 0.0, 'd': [nan]}    aqtime: 0
evaluate:
INFO:gpbo.core.optimize:EV returned 7.630984764203758 : 1.0     evaltime: 0
INFO:gpbo.core.reccomenders:argmin reccomender
INFO:gpbo.core.optimize:RC returned [0.6618088862961722, -0.025629323628866496, -0.289173017753499, 0.18464536406358034]     recctime: 0

INFO:gpbo.core.optimize:---------------------
step 6:
INFO:gpbo.core.acquisitions:randomaq
INFO:gpbo.core.optimize:AQ returned [0.7331029387209442, 0.9315752280995944, 0.7689269718323004, 0.18515793470529252] : {'s': 0.0, 'd': [nan]}    aqtime: 0
evaluate:
INFO:gpbo.core.optimize:EV returned 6.782400366915532 : 1.0     evaltime: 0
INFO:gpbo.core.reccomenders:argmin reccomender
INFO:gpbo.core.optimize:RC returned [0.6618088862961722, -0.025629323628866496, -0.289173017753499, 0.18464536406358034]     recctime: 0

INFO:gpbo.core.optimize:---------------------
step 7:
INFO:gpbo.core.acquisitions:randomaq
INFO:gpbo.core.optimize:AQ returned [-0.5399884485659376, -0.6398796671211087, -0.2744268597728392, -0.8964042624346158] : {'s': 0.0, 'd': [nan]}    aqtime: 0
evaluate:
INFO:gpbo.core.optimize:EV returned 7.400988278981629 : 1.0     evaltime: 0
INFO:gpbo.core.reccomenders:argmin reccomender
INFO:gpbo.core.optimize:RC returned [0.6618088862961722, -0.025629323628866496, -0.289173017753499, 0.18464536406358034]     recctime: 0

INFO:gpbo.core.optimize:---------------------
step 8:
INFO:gpbo.core.acquisitions:randomaq
INFO:gpbo.core.optimize:AQ returned [-0.3489558754085016, 0.5112374100158592, -0.12576390807262117, -0.33106580881811176] : {'s': 0.0, 'd': [nan]}    aqtime: 0
evaluate:
INFO:gpbo.core.optimize:EV returned 5.609356226331976 : 1.0     evaltime: 0
INFO:gpbo.core.reccomenders:argmin reccomender
INFO:gpbo.core.optimize:RC returned [-0.3489558754085016, 0.5112374100158592, -0.12576390807262117, -0.33106580881811176]     recctime: 0

INFO:gpbo.core.optimize:---------------------
step 9:
INFO:gpbo.core.acquisitions:randomaq
INFO:gpbo.core.optimize:AQ returned [0.10480593634373436, -0.747150324058073, -0.2689137677130258, 0.23241260742996528] : {'s': 0.0, 'd': [nan]}    aqtime: 0
evaluate:
INFO:gpbo.core.optimize:EV returned 7.00152077988372 : 1.0     evaltime: 0
INFO:gpbo.core.reccomenders:argmin reccomender
INFO:gpbo.core.optimize:RC returned [-0.3489558754085016, 0.5112374100158592, -0.12576390807262117, -0.33106580881811176]     recctime: 0

INFO:gpbo.core.optimize:---------------------
step 10:
INFO:gpbo.core.acquisitions:randomaq
INFO:gpbo.core.optimize:AQ returned [-0.05248430486983158, 0.5930001902869908, -0.7058791490325431, -0.19288946288176345] : {'s': 0.0, 'd': [nan]}    aqtime: 0
evaluate:
INFO:gpbo.core.optimize:EV returned 7.392279507027856 : 1.0     evaltime: 0
INFO:gpbo.core.reccomenders:argmin reccomender
INFO:gpbo.core.optimize:RC returned [-0.3489558754085016, 0.5112374100158592, -0.12576390807262117, -0.33106580881811176]     recctime: 0

INFO:gpbo.core.optimize:---------------------
step 11:
INFO:root:globallocalregretchooser with False inflated diagonal
INFO:root:rotate
[[1. 0. 0. 0.]
 [0. 1. 0. 0.]
 [0. 0. 1. 0.]
 [0. 0. 0. 1.]]
INFO:gpbo.core.choosers:building GP
  0%|          | 0/605 [00:00<?, ?it/s]  1%|          | 4/605 [00:00<00:16, 36.09it/s]  2%|▏         | 10/605 [00:00<00:14, 40.74it/s]  3%|▎         | 16/605 [00:00<00:13, 44.31it/s]  3%|▎         | 21/605 [00:00<00:13, 41.83it/s]  4%|▍         | 26/605 [00:00<00:13, 43.73it/s]  5%|▌         | 33/605 [00:00<00:12, 46.91it/s]  7%|▋         | 40/605 [00:00<00:11, 51.28it/s]  8%|▊         | 47/605 [00:00<00:10, 53.28it/s]  9%|▉         | 54/605 [00:01<00:09, 55.84it/s] 10%|▉         | 60/605 [00:01<00:09, 56.49it/s] 11%|█         | 67/605 [00:01<00:09, 58.41it/s] 12%|█▏        | 74/605 [00:01<00:08, 59.84it/s] 13%|█▎        | 81/605 [00:01<00:08, 58.46it/s] 15%|█▍        | 88/605 [00:01<00:08, 59.37it/s] 16%|█▌        | 94/605 [00:01<00:08, 59.44it/s] 17%|█▋        | 100/605 [00:01<00:09, 53.97it/s] 18%|█▊        | 106/605 [00:01<00:09, 54.14it/s] 19%|█▊        | 112/605 [00:02<00:08, 55.35it/s] 20%|█▉        | 118/605 [00:02<00:09, 51.43it/s] 20%|██        | 124/605 [00:02<00:09, 51.99it/s] 22%|██▏       | 131/605 [00:02<00:08, 54.57it/s] 23%|██▎       | 137/605 [00:02<00:08, 54.45it/s] 24%|██▎       | 143/605 [00:02<00:08, 54.00it/s] 25%|██▍       | 150/605 [00:02<00:08, 56.41it/s] 26%|██▌       | 156/605 [00:02<00:07, 56.59it/s] 27%|██▋       | 162/605 [00:02<00:07, 56.52it/s] 28%|██▊       | 168/605 [00:03<00:07, 55.13it/s] 29%|██▉       | 174/605 [00:03<00:07, 53.96it/s] 30%|██▉       | 180/605 [00:03<00:08, 51.35it/s] 31%|███       | 186/605 [00:03<00:08, 52.22it/s] 32%|███▏      | 192/605 [00:03<00:08, 48.43it/s] 33%|███▎      | 199/605 [00:03<00:07, 53.34it/s] 34%|███▍      | 205/605 [00:03<00:07, 52.86it/s] 35%|███▍      | 211/605 [00:03<00:07, 54.76it/s] 36%|███▌      | 217/605 [00:03<00:06, 55.70it/s] 37%|███▋      | 223/605 [00:04<00:07, 53.10it/s] 38%|███▊      | 229/605 [00:04<00:07, 53.24it/s] 39%|███▉      | 235/605 [00:04<00:06, 52.99it/s] 40%|████      | 242/605 [00:04<00:06, 56.23it/s] 41%|████      | 248/605 [00:04<00:06, 54.70it/s] 42%|████▏     | 254/605 [00:04<00:06, 54.01it/s] 43%|████▎     | 260/605 [00:04<00:06, 54.71it/s] 44%|████▍     | 266/605 [00:04<00:06, 55.65it/s] 45%|████▍     | 272/605 [00:05<00:06, 48.67it/s] 46%|████▌     | 278/605 [00:05<00:06, 47.03it/s] 47%|████▋     | 283/605 [00:05<00:07, 41.18it/s] 48%|████▊     | 288/605 [00:05<00:07, 40.80it/s] 48%|████▊     | 293/605 [00:05<00:08, 38.80it/s] 49%|████▉     | 298/605 [00:05<00:08, 37.91it/s] 50%|████▉     | 302/605 [00:05<00:07, 38.03it/s] 51%|█████     | 309/605 [00:05<00:06, 44.04it/s] 52%|█████▏    | 315/605 [00:06<00:06, 46.26it/s] 53%|█████▎    | 321/605 [00:06<00:05, 49.23it/s] 54%|█████▍    | 327/605 [00:06<00:05, 51.86it/s] 55%|█████▌    | 333/605 [00:06<00:05, 52.97it/s] 56%|█████▌    | 339/605 [00:06<00:04, 53.79it/s] 57%|█████▋    | 345/605 [00:06<00:04, 54.69it/s] 58%|█████▊    | 351/605 [00:06<00:04, 54.20it/s] 59%|█████▉    | 358/605 [00:06<00:04, 55.50it/s] 60%|██████    | 365/605 [00:06<00:04, 57.36it/s] 61%|██████▏   | 371/605 [00:07<00:04, 57.59it/s] 62%|██████▏   | 377/605 [00:07<00:03, 58.10it/s] 63%|██████▎   | 384/605 [00:07<00:03, 60.97it/s] 65%|██████▍   | 391/605 [00:07<00:03, 61.00it/s] 66%|██████▌   | 398/605 [00:07<00:03, 60.58it/s] 67%|██████▋   | 405/605 [00:07<00:03, 60.33it/s] 68%|██████▊   | 412/605 [00:07<00:03, 57.23it/s] 69%|██████▉   | 418/605 [00:07<00:03, 54.89it/s] 70%|███████   | 424/605 [00:07<00:03, 54.78it/s] 71%|███████   | 430/605 [00:08<00:03, 54.33it/s] 72%|███████▏  | 436/605 [00:08<00:03, 54.16it/s] 73%|███████▎  | 442/605 [00:08<00:03, 53.98it/s] 74%|███████▍  | 449/605 [00:08<00:02, 56.50it/s] 75%|███████▌  | 456/605 [00:08<00:02, 59.15it/s] 76%|███████▋  | 462/605 [00:08<00:02, 58.13it/s] 77%|███████▋  | 468/605 [00:08<00:02, 55.60it/s] 78%|███████▊  | 474/605 [00:08<00:02, 53.47it/s] 79%|███████▉  | 480/605 [00:08<00:02, 53.42it/s] 80%|████████  | 486/605 [00:09<00:02, 53.16it/s] 81%|████████▏ | 492/605 [00:09<00:02, 53.02it/s] 82%|████████▏ | 498/605 [00:09<00:01, 53.66it/s] 83%|████████▎ | 504/605 [00:09<00:01, 55.41it/s] 84%|████████▍ | 511/605 [00:09<00:01, 56.85it/s] 86%|████████▌ | 518/605 [00:09<00:01, 58.04it/s] 87%|████████▋ | 524/605 [00:09<00:01, 52.68it/s] 88%|████████▊ | 530/605 [00:09<00:01, 53.37it/s] 89%|████████▊ | 536/605 [00:10<00:01, 47.63it/s] 90%|████████▉ | 542/605 [00:10<00:01, 48.47it/s] 91%|█████████ | 548/605 [00:10<00:01, 50.78it/s] 92%|█████████▏| 554/605 [00:10<00:00, 53.18it/s] 93%|█████████▎| 560/605 [00:10<00:00, 53.50it/s] 94%|█████████▎| 566/605 [00:10<00:00, 51.79it/s] 95%|█████████▍| 572/605 [00:10<00:00, 53.02it/s] 96%|█████████▌| 579/605 [00:10<00:00, 55.12it/s] 97%|█████████▋| 585/605 [00:10<00:00, 56.01it/s] 98%|█████████▊| 591/605 [00:11<00:00, 52.78it/s] 99%|█████████▊| 597/605 [00:11<00:00, 52.01it/s]100%|█████████▉| 603/605 [00:11<00:00, 52.00it/s]100%|██████████| 605/605 [00:11<00:00, 53.47it/s]
DEBUG:gpbo.core.ESutils:hyperparameters:
mean   [0.79876664 0.46398487 0.45729865 0.35766848 0.48418527]
median [0.7583951  0.42007961 0.41422896 0.31826902 0.44186132]
std    [0.20042272 0.25620936 0.26730447 0.17943856 0.26576192]
min    [0.55306702 0.06646771 0.11098947 0.05331866 0.04109592]
max    [1.47000209 1.14778698 1.38003767 0.92317514 1.11084093]
removed robo import in opts.py l17 due to theano errors
switch default init
before search
Suffix: 4d-rosen-noise-0-5-3
f inputs x:[-0.7557365010599302, 0.189112667841683, -0.23356893903346765, 0.9833297031497801] ev:{'s': 0.0, 'd': [nan]} outputs y:6.648294577677169 (n:0.0) c:1.0
checking reccomendation:
f inputs x:[-0.7557365010599302, 0.189112667841683, -0.23356893903346765, 0.9833297031497801] ev:{'s': 1e-99, 'd': [nan], 'cheattrue': True} outputs y:6.648294577677169 (n:0) c:1.0
f inputs x:[0.8085619712423138, 0.2994717555876134, -0.08798812770412212, -0.050421852299157965] ev:{'s': 0.0, 'd': [nan]} outputs y:6.192257177087018 (n:0.0) c:1.0
checking reccomendation:
f inputs x:[0.8085619712423138, 0.2994717555876134, -0.08798812770412212, -0.050421852299157965] ev:{'s': 1e-99, 'd': [nan], 'cheattrue': True} outputs y:6.192257177087018 (n:0) c:1.0
f inputs x:[0.6618088862961722, -0.025629323628866496, -0.289173017753499, 0.18464536406358034] ev:{'s': 0.0, 'd': [nan]} outputs y:5.984658911022675 (n:-0.0) c:1.0
checking reccomendation:
f inputs x:[0.6618088862961722, -0.025629323628866496, -0.289173017753499, 0.18464536406358034] ev:{'s': 1e-99, 'd': [nan], 'cheattrue': True} outputs y:5.984658911022675 (n:0) c:1.0
f inputs x:[-0.6687829906922962, -0.9595827780579729, -0.3588360064121585, 0.4558759590910675] ev:{'s': 0.0, 'd': [nan]} outputs y:8.194960455293916 (n:0.0) c:1.0
reusing check
f inputs x:[-0.8736325697575031, -0.4185426040107665, -0.23708974244952485, 0.8881775742806015] ev:{'s': 0.0, 'd': [nan]} outputs y:7.630984764203758 (n:0.0) c:1.0
reusing check
f inputs x:[0.7331029387209442, 0.9315752280995944, 0.7689269718323004, 0.18515793470529252] ev:{'s': 0.0, 'd': [nan]} outputs y:6.782400366915532 (n:0.0) c:1.0
reusing check
f inputs x:[-0.5399884485659376, -0.6398796671211087, -0.2744268597728392, -0.8964042624346158] ev:{'s': 0.0, 'd': [nan]} outputs y:7.400988278981629 (n:-0.0) c:1.0
reusing check
f inputs x:[-0.3489558754085016, 0.5112374100158592, -0.12576390807262117, -0.33106580881811176] ev:{'s': 0.0, 'd': [nan]} outputs y:5.609356226331976 (n:0.0) c:1.0
checking reccomendation:
f inputs x:[-0.3489558754085016, 0.5112374100158592, -0.12576390807262117, -0.33106580881811176] ev:{'s': 1e-99, 'd': [nan], 'cheattrue': True} outputs y:5.609356226331976 (n:0) c:1.0
f inputs x:[0.10480593634373436, -0.747150324058073, -0.2689137677130258, 0.23241260742996528] ev:{'s': 0.0, 'd': [nan]} outputs y:7.00152077988372 (n:0.0) c:1.0
reusing check
f inputs x:[-0.05248430486983158, 0.5930001902869908, -0.7058791490325431, -0.19288946288176345] ev:{'s': 0.0, 'd': [nan]} outputs y:7.392279507027856 (n:0.0) c:1.0
reusing check
using 1 slice chains
slice sample:
used 147385 plk evals
searching...
DEBUG:gpbo.core.optutils:optresult 5.607760076907843 at [-0.35149268  0.50574549 -0.11949805 -0.33175924]
INFO:gpbo.core.choosers:post min at [-0.35149268  0.50574549 -0.11949805 -0.33175924](true) [[-0.35149268  0.50574549 -0.11949805 -0.33175924]](rotated) is 5.607760076907843
INFO:gpbo.core.choosers:post min in on edge in axes []
INFO:gpbo.core.choosers:Var at xmin 0.0016078453203586614
INFO:gpbo.core.choosers:localregretest 0.5462046817155596
DEBUG:gpbo.core.choosers:H,stH
[[38.1216401   0.44393049 -0.26551621  0.12255144]
 [ 0.44393049 25.77407    -0.24300439  0.30737717]
 [-0.26551621 -0.24300439 52.11994704 -0.1249661 ]
 [ 0.12255144  0.30737717 -0.1249661  72.39403649]]
[[186.48523598  32.84513753  75.24461163  71.54421106]
 [ 32.84513753  75.05541388  35.99278644  34.80951795]
 [ 75.24461163  35.99278644 262.13947144 132.12213309]
 [ 71.54421106  34.80951795 132.12213309 476.05190306]]
DEBUG:gpbo.core.choosers:axisprobs [0.58098804 0.63435143 0.57880028 0.56043482]
INFO:gpbo.core.choosers:checking for +ve definite ball
INFO:gpbo.core.choosers:prob pvedef at xmin 0.07477567298105683
DEBUG:gpbo.core.choosers:eigenvector probs [0.07676969 0.42771685 0.83948156 0.98005982]
  0%|          | 0/70 [00:00<?, ?it/s]  0%|          | 0/70 [00:00<?, ?it/s]
INFO:gpbo.core.choosers:no +ve def region, choosereturns 0
INFO:gpbo.core.acquisitions:PESfsaq
INFO:gpbo.core.acquisitions:rotation from choose by 
[[ 0.03561645 -0.99930567 -0.00882091  0.00646863]
 [ 0.99917423  0.0354145   0.01954681 -0.00382032]
 [-0.01919796 -0.00946749  0.99975024  0.00642397]
 [ 0.00371029  0.00666058 -0.00629094  0.99995115]]
INFO:gpbo.core.PES:reusing preselected hyperparameters
INFO:gpbo.core.ESutils:Found 3 unique local min:
[-0.52130155 -0.33621727 -0.12007665 -0.32837069]
[ 0.04192875  0.66763621 -0.28980396  0.18404448]
[-0.22641208  0.7530499  -0.1515497  -0.02895636]
directtime 0
PES init:
Drawing support using lapaprot:
using complex approx
In drawmin with 1750 support drew 51 unique mins from 52. Most freqent min chosen 3.8461538461538463%
drawing mins from support
searching...
DEBUG:gpbo.core.optutils:optresult [-0.2294075] at [-0.34917158  0.50432005 -0.10974243 -0.57188583]
INFO:gpbo.core.acquisitions:DIRECT found max PES at [-0.34917158  0.50432005 -0.10974243 -0.57188583] b'CONVERGENCE: NORM_OF_PROJECTED_GRADIENT_<=_PGTOL'
INFO:gpbo.core.optimize:AQ returned [-0.3491715845183994, 0.5043200457711245, -0.10974243409816664, -0.5718858271986426] : {'s': 0.0, 'd': [nan]}    aqtime: 0
evaluate:
INFO:gpbo.core.optimize:EV returned 5.854223820853679 : 1.0     evaltime: 0
INFO:gpbo.core.reccomenders:gphin reccomender
directtime 0
f inputs x:[-0.3491715845183994, 0.5043200457711245, -0.10974243409816664, -0.5718858271986426] ev:{'s': 0.0, 'd': [nan]} outputs y:5.854223820853679 (n:0.0) c:1.0
searching...
DEBUG:gpbo.core.optutils:optresult 5.607894512406006 at [-0.35209446  0.50707506 -0.11973732 -0.33315915]
INFO:gpbo.core.optimize:RC returned [-0.3520944574875228, 0.5070750565464336, -0.11973732097840374, -0.33315915052133516]     recctime: 0

INFO:gpbo.core.optimize:---------------------
step 12:
INFO:root:globallocalregretchooser with False inflated diagonal
INFO:root:rotate
[[ 0.03561645 -0.99930567 -0.00882091  0.00646863]
 [ 0.99917423  0.0354145   0.01954681 -0.00382032]
 [-0.01919796 -0.00946749  0.99975024  0.00642397]
 [ 0.00371029  0.00666058 -0.00629094  0.99995115]]
INFO:gpbo.core.choosers:building GP
  0%|          | 0/605 [00:00<?, ?it/s]  1%|          | 7/605 [00:00<00:09, 64.87it/s]  2%|▏         | 13/605 [00:00<00:09, 60.69it/s]  3%|▎         | 18/605 [00:00<00:10, 56.63it/s]  4%|▍         | 23/605 [00:00<00:10, 54.46it/s]  5%|▍         | 29/605 [00:00<00:10, 53.62it/s]  6%|▌         | 35/605 [00:00<00:10, 54.35it/s]  7%|▋         | 40/605 [00:00<00:10, 51.78it/s]  8%|▊         | 46/605 [00:00<00:10, 52.26it/s]  9%|▊         | 52/605 [00:00<00:10, 51.25it/s]  9%|▉         | 57/605 [00:01<00:11, 49.35it/s] 10%|█         | 63/605 [00:01<00:11, 49.16it/s] 11%|█▏        | 69/605 [00:01<00:10, 51.75it/s] 12%|█▏        | 75/605 [00:01<00:10, 51.45it/s] 13%|█▎        | 81/605 [00:01<00:10, 52.02it/s] 15%|█▍        | 88/605 [00:01<00:09, 55.88it/s] 16%|█▌        | 95/605 [00:01<00:08, 57.72it/s] 17%|█▋        | 101/605 [00:01<00:09, 55.30it/s] 18%|█▊        | 107/605 [00:02<00:09, 54.42it/s] 19%|█▊        | 113/605 [00:02<00:09, 52.05it/s] 20%|█▉        | 119/605 [00:02<00:09, 51.05it/s] 21%|██        | 125/605 [00:02<00:09, 50.70it/s] 22%|██▏       | 131/605 [00:02<00:09, 49.51it/s] 22%|██▏       | 136/605 [00:02<00:09, 49.55it/s] 24%|██▎       | 143/605 [00:02<00:08, 53.15it/s] 25%|██▍       | 150/605 [00:02<00:08, 55.81it/s] 26%|██▌       | 156/605 [00:02<00:07, 56.39it/s] 27%|██▋       | 162/605 [00:03<00:08, 55.01it/s] 28%|██▊       | 168/605 [00:03<00:07, 55.19it/s] 29%|██▉       | 174/605 [00:03<00:07, 56.48it/s] 30%|██▉       | 180/605 [00:03<00:07, 53.95it/s] 31%|███       | 186/605 [00:03<00:07, 54.56it/s] 32%|███▏      | 192/605 [00:03<00:07, 54.58it/s] 33%|███▎      | 199/605 [00:03<00:07, 57.76it/s] 34%|███▍      | 205/605 [00:03<00:06, 57.19it/s] 35%|███▍      | 211/605 [00:03<00:06, 56.34it/s] 36%|███▌      | 218/605 [00:04<00:06, 58.83it/s] 37%|███▋      | 224/605 [00:04<00:06, 55.58it/s] 38%|███▊      | 230/605 [00:04<00:06, 55.02it/s] 39%|███▉      | 236/605 [00:04<00:07, 51.27it/s] 40%|████      | 243/605 [00:04<00:06, 54.36it/s] 41%|████▏     | 250/605 [00:04<00:06, 57.16it/s] 42%|████▏     | 256/605 [00:04<00:06, 57.40it/s] 43%|████▎     | 262/605 [00:04<00:06, 53.90it/s] 44%|████▍     | 269/605 [00:04<00:06, 54.97it/s] 45%|████▌     | 275/605 [00:05<00:06, 53.66it/s] 46%|████▋     | 281/605 [00:05<00:06, 53.71it/s] 47%|████▋     | 287/605 [00:05<00:05, 53.86it/s] 49%|████▊     | 294/605 [00:05<00:05, 55.95it/s] 50%|████▉     | 300/605 [00:05<00:05, 55.06it/s] 51%|█████     | 306/605 [00:05<00:05, 55.92it/s] 52%|█████▏    | 312/605 [00:05<00:05, 56.08it/s] 53%|█████▎    | 318/605 [00:05<00:05, 56.95it/s] 54%|█████▎    | 324/605 [00:05<00:05, 54.53it/s] 55%|█████▍    | 330/605 [00:06<00:04, 55.15it/s] 56%|█████▌    | 336/605 [00:06<00:05, 53.09it/s] 57%|█████▋    | 342/605 [00:06<00:04, 52.77it/s] 58%|█████▊    | 348/605 [00:06<00:04, 53.39it/s] 59%|█████▊    | 354/605 [00:06<00:04, 54.85it/s] 60%|█████▉    | 360/605 [00:06<00:04, 51.68it/s] 61%|██████    | 367/605 [00:06<00:04, 54.06it/s] 62%|██████▏   | 373/605 [00:06<00:04, 55.11it/s] 63%|██████▎   | 379/605 [00:06<00:04, 54.55it/s] 64%|██████▎   | 385/605 [00:07<00:04, 54.46it/s] 65%|██████▍   | 392/605 [00:07<00:03, 56.96it/s] 66%|██████▌   | 399/605 [00:07<00:03, 58.55it/s] 67%|██████▋   | 405/605 [00:07<00:03, 56.85it/s] 68%|██████▊   | 412/605 [00:07<00:03, 59.70it/s] 69%|██████▉   | 419/605 [00:07<00:03, 57.30it/s] 70%|███████   | 425/605 [00:07<00:03, 55.46it/s] 71%|███████   | 431/605 [00:07<00:03, 50.99it/s] 72%|███████▏  | 437/605 [00:08<00:03, 50.76it/s] 73%|███████▎  | 443/605 [00:08<00:03, 52.70it/s] 74%|███████▍  | 449/605 [00:08<00:02, 54.57it/s] 75%|███████▌  | 455/605 [00:08<00:02, 54.56it/s] 76%|███████▋  | 462/605 [00:08<00:02, 57.46it/s] 77%|███████▋  | 468/605 [00:08<00:02, 56.72it/s] 79%|███████▊  | 475/605 [00:08<00:02, 56.67it/s] 80%|███████▉  | 481/605 [00:08<00:02, 51.96it/s] 81%|████████  | 488/605 [00:08<00:02, 53.99it/s] 82%|████████▏ | 494/605 [00:09<00:02, 51.71it/s] 83%|████████▎ | 500/605 [00:09<00:01, 53.23it/s] 84%|████████▍ | 507/605 [00:09<00:01, 54.02it/s] 85%|████████▍ | 513/605 [00:09<00:01, 53.77it/s] 86%|████████▌ | 519/605 [00:09<00:01, 54.27it/s] 87%|████████▋ | 526/605 [00:09<00:01, 55.96it/s] 88%|████████▊ | 532/605 [00:09<00:01, 54.19it/s] 89%|████████▉ | 538/605 [00:09<00:01, 54.12it/s] 90%|█████████ | 545/605 [00:09<00:01, 54.67it/s] 91%|█████████ | 552/605 [00:10<00:00, 57.40it/s] 92%|█████████▏| 558/605 [00:10<00:00, 55.73it/s] 93%|█████████▎| 564/605 [00:10<00:00, 55.64it/s] 94%|█████████▍| 570/605 [00:10<00:00, 55.05it/s] 95%|█████████▌| 576/605 [00:10<00:00, 53.16it/s] 96%|█████████▌| 582/605 [00:10<00:00, 53.91it/s] 97%|█████████▋| 589/605 [00:10<00:00, 56.37it/s] 98%|█████████▊| 595/605 [00:10<00:00, 57.25it/s] 99%|█████████▉| 601/605 [00:11<00:00, 53.20it/s]100%|██████████| 605/605 [00:11<00:00, 54.58it/s]
DEBUG:gpbo.core.ESutils:hyperparameters:
mean   [0.82533403 0.43477328 0.47618907 0.43230994 0.52629918]
median [0.81046242 0.3871214  0.44471775 0.39136206 0.45021889]
std    [0.16476614 0.26085526 0.24126482 0.26013256 0.27297792]
min    [0.5874893  0.11434907 0.0712586  0.10882213 0.11473225]
max    [1.22435607 1.24869394 1.0178357  1.30459251 1.30398043]
directtime 0
checking reccomendation:
f inputs x:[-0.3520944574875228, 0.5070750565464336, -0.11973732097840374, -0.33315915052133516] ev:{'s': 1e-99, 'd': [nan], 'cheattrue': True} outputs y:5.571151264021401 (n:0) c:1.0
using 1 slice chains
slice sample:
used 150637 plk evals
searching...
DEBUG:gpbo.core.optutils:optresult 5.60542514000313 at [-0.35352213  0.50717678 -0.11245635 -0.34078465]
INFO:gpbo.core.choosers:post min at [-0.35352213  0.50717678 -0.11245635 -0.34078465](true) [[-0.52062827 -0.33616505 -0.11263224 -0.33799412]](rotated) is 5.60542514000313
INFO:gpbo.core.choosers:post min in on edge in axes []
INFO:gpbo.core.choosers:Var at xmin 0.00380024984142677
INFO:gpbo.core.choosers:localregretest 0.3381995982604751
DEBUG:gpbo.core.choosers:H,stH
[[31.09014683 -0.39753657  0.3224141  -0.3430444 ]
 [-0.39753657 42.36732309 -0.29554071  0.30065907]
 [ 0.3224141  -0.29554071 25.62867635 -0.27691375]
 [-0.3430444   0.30065907 -0.27691375 17.20086065]]
[[109.95730691  51.29471947  31.44977684  32.07352424]
 [ 51.29471947 206.47482065  48.24745371  32.23178751]
 [ 31.44977684  48.24745371  74.40085756  22.11685284]
 [ 32.07352424  32.23178751  22.11685284  75.48324908]]
DEBUG:gpbo.core.choosers:axisprobs [0.61131478 0.58128959 0.63475263 0.59012888]
INFO:gpbo.core.choosers:checking for +ve definite ball
INFO:gpbo.core.choosers:prob pvedef at xmin 0.06580259222333001
DEBUG:gpbo.core.choosers:eigenvector probs [0.06380857 0.42971087 0.83948156 0.9890329 ]
  0%|          | 0/70 [00:00<?, ?it/s]  0%|          | 0/70 [00:00<?, ?it/s]
INFO:gpbo.core.choosers:no +ve def region, choosereturns 0
INFO:gpbo.core.acquisitions:PESfsaq
INFO:gpbo.core.acquisitions:rotation from choose by 
[[-0.00723296 -0.01761571  0.02473918  0.99951255]
 [-0.00466788  0.05028609  0.99843889 -0.02386013]
 [ 0.07166641 -0.99600391  0.0500618  -0.01827435]
 [-0.99739151 -0.07167431 -0.00125505 -0.00844976]]
INFO:gpbo.core.PES:reusing preselected hyperparameters
INFO:gpbo.core.ESutils:Found 2 unique local min:
[-0.36295668 -0.07530407 -0.52138644  0.3266667 ]
[ 0.15897775 -0.28850891  0.03655559 -0.67492419]
directtime 0
PES init:
Drawing support using lapaprot:
using complex approx
In drawmin with 1750 support drew 52 unique mins from 52. Most freqent min chosen 1.9230769230769231%
drawing mins from support
searching...
DEBUG:gpbo.core.optutils:optresult [-0.2423028] at [-0.42165813  0.50130202  0.14667266 -0.35941125]
INFO:gpbo.core.acquisitions:DIRECT found max PES at [-0.42165813  0.50130202  0.14667266 -0.35941125] b'CONVERGENCE: NORM_OF_PROJECTED_GRADIENT_<=_PGTOL'
INFO:gpbo.core.optimize:AQ returned [-0.4216581282627525, 0.5013020226297374, 0.14667265989651115, -0.3594112482768537] : {'s': 0.0, 'd': [nan]}    aqtime: 0
evaluate:
INFO:gpbo.core.optimize:EV returned 4.926774322968534 : 1.0     evaltime: 0
INFO:gpbo.core.reccomenders:gphin reccomender
directtime 0
f inputs x:[-0.4216581282627525, 0.5013020226297374, 0.14667265989651115, -0.3594112482768537] ev:{'s': 0.0, 'd': [nan]} outputs y:4.926774322968534 (n:0.0) c:1.0
searching...
DEBUG:gpbo.core.optutils:optresult 4.925347421531094 at [-0.42778654  0.49864101  0.14974244 -0.35565107]
INFO:gpbo.core.optimize:RC returned [-0.42778654231797114, 0.49864101339137107, 0.14974243866240006, -0.3556510738500203]     recctime: 0

INFO:gpbo.core.optimize:---------------------
step 13:
INFO:root:globallocalregretchooser with False inflated diagonal
INFO:root:rotate
[[-0.00723296 -0.01761571  0.02473918  0.99951255]
 [-0.00466788  0.05028609  0.99843889 -0.02386013]
 [ 0.07166641 -0.99600391  0.0500618  -0.01827435]
 [-0.99739151 -0.07167431 -0.00125505 -0.00844976]]
INFO:gpbo.core.choosers:building GP
  0%|          | 0/605 [00:00<?, ?it/s]  1%|          | 6/605 [00:00<00:11, 53.11it/s]  2%|▏         | 13/605 [00:00<00:10, 54.52it/s]  3%|▎         | 19/605 [00:00<00:10, 53.34it/s]  4%|▍         | 24/605 [00:00<00:11, 52.10it/s]  5%|▍         | 30/605 [00:00<00:10, 53.81it/s]  6%|▌         | 36/605 [00:00<00:10, 54.49it/s]  7%|▋         | 43/605 [00:00<00:09, 56.48it/s]  8%|▊         | 50/605 [00:00<00:09, 57.16it/s]  9%|▉         | 56/605 [00:00<00:09, 57.39it/s] 10%|█         | 62/605 [00:01<00:09, 54.77it/s] 11%|█         | 68/605 [00:01<00:09, 54.91it/s] 12%|█▏        | 74/605 [00:01<00:10, 52.88it/s] 13%|█▎        | 80/605 [00:01<00:09, 52.98it/s] 14%|█▍        | 86/605 [00:01<00:09, 52.35it/s] 15%|█▌        | 92/605 [00:01<00:09, 52.92it/s] 16%|█▌        | 98/605 [00:01<00:09, 52.32it/s] 17%|█▋        | 104/605 [00:01<00:09, 50.10it/s] 18%|█▊        | 110/605 [00:02<00:09, 50.66it/s] 19%|█▉        | 116/605 [00:02<00:09, 50.54it/s] 20%|██        | 122/605 [00:02<00:09, 51.68it/s] 21%|██        | 128/605 [00:02<00:09, 50.87it/s] 22%|██▏       | 134/605 [00:02<00:09, 51.84it/s] 23%|██▎       | 140/605 [00:02<00:08, 54.04it/s] 24%|██▍       | 146/605 [00:02<00:08, 51.89it/s] 25%|██▌       | 152/605 [00:02<00:08, 51.87it/s] 26%|██▋       | 159/605 [00:02<00:08, 55.04it/s] 27%|██▋       | 165/605 [00:03<00:07, 55.86it/s] 28%|██▊       | 172/605 [00:03<00:07, 56.92it/s] 29%|██▉       | 178/605 [00:03<00:07, 54.92it/s] 30%|███       | 184/605 [00:03<00:07, 54.70it/s] 31%|███▏      | 190/605 [00:03<00:07, 51.89it/s] 32%|███▏      | 196/605 [00:03<00:08, 49.72it/s] 33%|███▎      | 202/605 [00:03<00:08, 48.82it/s] 34%|███▍      | 208/605 [00:03<00:08, 49.37it/s] 35%|███▌      | 214/605 [00:04<00:07, 50.64it/s] 37%|███▋      | 221/605 [00:04<00:07, 54.33it/s] 38%|███▊      | 227/605 [00:04<00:06, 54.36it/s] 39%|███▊      | 234/605 [00:04<00:06, 55.98it/s] 40%|███▉      | 240/605 [00:04<00:06, 52.78it/s] 41%|████      | 246/605 [00:04<00:06, 53.35it/s] 42%|████▏     | 252/605 [00:04<00:06, 52.65it/s] 43%|████▎     | 258/605 [00:04<00:06, 49.74it/s] 44%|████▎     | 264/605 [00:04<00:06, 49.53it/s] 45%|████▍     | 270/605 [00:05<00:06, 50.21it/s] 46%|████▌     | 276/605 [00:05<00:06, 49.44it/s] 47%|████▋     | 282/605 [00:05<00:06, 52.09it/s] 48%|████▊     | 288/605 [00:05<00:05, 53.12it/s] 49%|████▊     | 294/605 [00:05<00:06, 51.79it/s] 50%|████▉     | 301/605 [00:05<00:05, 54.46it/s] 51%|█████     | 308/605 [00:05<00:05, 55.73it/s] 52%|█████▏    | 314/605 [00:05<00:05, 55.65it/s] 53%|█████▎    | 320/605 [00:06<00:05, 52.29it/s] 54%|█████▍    | 326/605 [00:06<00:05, 53.55it/s] 55%|█████▍    | 332/605 [00:06<00:05, 54.22it/s] 56%|█████▌    | 338/605 [00:06<00:05, 51.88it/s] 57%|█████▋    | 344/605 [00:06<00:04, 52.76it/s] 58%|█████▊    | 350/605 [00:06<00:05, 50.19it/s] 59%|█████▉    | 356/605 [00:06<00:04, 51.28it/s] 60%|█████▉    | 362/605 [00:06<00:04, 51.88it/s] 61%|██████    | 368/605 [00:06<00:04, 52.58it/s] 62%|██████▏   | 374/605 [00:07<00:04, 52.25it/s] 63%|██████▎   | 380/605 [00:07<00:04, 54.03it/s] 64%|██████▍   | 386/605 [00:07<00:04, 53.35it/s] 65%|██████▍   | 392/605 [00:07<00:03, 53.36it/s] 66%|██████▌   | 398/605 [00:07<00:04, 51.14it/s] 67%|██████▋   | 404/605 [00:07<00:03, 50.34it/s] 68%|██████▊   | 410/605 [00:07<00:03, 49.82it/s] 69%|██████▉   | 416/605 [00:07<00:03, 48.85it/s] 70%|██████▉   | 421/605 [00:08<00:03, 46.04it/s] 71%|███████   | 427/605 [00:08<00:03, 48.36it/s] 72%|███████▏  | 433/605 [00:08<00:03, 49.95it/s] 73%|███████▎  | 439/605 [00:08<00:03, 52.40it/s] 74%|███████▎  | 445/605 [00:08<00:02, 53.38it/s] 75%|███████▍  | 451/605 [00:08<00:02, 54.49it/s] 76%|███████▌  | 457/605 [00:08<00:02, 54.84it/s] 77%|███████▋  | 464/605 [00:08<00:02, 55.96it/s] 78%|███████▊  | 470/605 [00:08<00:02, 56.49it/s] 79%|███████▊  | 476/605 [00:09<00:02, 52.05it/s] 80%|███████▉  | 482/605 [00:09<00:02, 49.56it/s] 81%|████████  | 488/605 [00:09<00:02, 49.24it/s] 82%|████████▏ | 494/605 [00:09<00:02, 51.71it/s] 83%|████████▎ | 500/605 [00:09<00:01, 52.93it/s] 84%|████████▎ | 506/605 [00:09<00:01, 51.19it/s] 85%|████████▍ | 512/605 [00:09<00:01, 49.87it/s] 86%|████████▌ | 518/605 [00:09<00:01, 51.42it/s] 87%|████████▋ | 524/605 [00:09<00:01, 52.76it/s] 88%|████████▊ | 531/605 [00:10<00:01, 54.80it/s] 89%|████████▉ | 537/605 [00:10<00:01, 55.77it/s] 90%|████████▉ | 543/605 [00:10<00:01, 52.01it/s] 91%|█████████ | 550/605 [00:10<00:01, 53.95it/s] 92%|█████████▏| 557/605 [00:10<00:00, 57.29it/s] 93%|█████████▎| 563/605 [00:10<00:00, 56.94it/s] 94%|█████████▍| 570/605 [00:10<00:00, 58.01it/s] 95%|█████████▌| 576/605 [00:10<00:00, 54.86it/s] 96%|█████████▌| 582/605 [00:10<00:00, 56.29it/s] 97%|█████████▋| 588/605 [00:11<00:00, 55.43it/s] 98%|█████████▊| 594/605 [00:11<00:00, 55.91it/s] 99%|█████████▉| 600/605 [00:11<00:00, 56.68it/s]100%|██████████| 605/605 [00:11<00:00, 53.13it/s]
DEBUG:gpbo.core.ESutils:hyperparameters:
mean   [0.94280315 0.60085725 0.47342952 0.51356012 0.42712743]
median [0.85981728 0.53691187 0.41328522 0.45776791 0.3938905 ]
std    [0.23608748 0.2809991  0.28504041 0.23736234 0.1902695 ]
min    [0.58068928 0.05333022 0.04942599 0.13375131 0.09474208]
max    [1.66762618 1.40575461 1.33860313 1.14367892 1.02756339]
directtime 0
checking reccomendation:
f inputs x:[-0.42778654231797114, 0.49864101339137107, 0.14974243866240006, -0.3556510738500203] ev:{'s': 1e-99, 'd': [nan], 'cheattrue': True} outputs y:4.892402231922434 (n:0) c:1.0
using 1 slice chains
slice sample:
used 153812 plk evals
searching...
DEBUG:gpbo.core.optutils:optresult 4.921656453794692 at [-0.43169955  0.4936208   0.15174871 -0.35071898]
INFO:gpbo.core.choosers:post min at [-0.43169955  0.4936208   0.15174871 -0.35071898](true) [[-0.3523669   0.1867174  -0.50858064  0.39796658]](rotated) is 4.921656453794692
INFO:gpbo.core.choosers:post min in on edge in axes []
INFO:gpbo.core.choosers:Var at xmin 0.004660173681901059
INFO:gpbo.core.choosers:localregretest 0.3650646847795468
DEBUG:gpbo.core.choosers:H,stH
[[ 3.52409058e+01  5.34423847e-01 -1.62562736e-01  1.59380926e-01]
 [ 5.34423847e-01  7.15821961e+01 -1.34276750e-02  2.04053689e-01]
 [-1.62562736e-01 -1.34276750e-02  2.78964874e+01  4.20100639e-01]
 [ 1.59380926e-01  2.04053689e-01  4.20100639e-01  3.73851324e+01]]
[[288.47206582  91.75379048  29.57491523  38.77393333]
 [ 91.75379048 392.09097039  33.42861351  41.28693154]
 [ 29.57491523  33.42861351  66.28969371  25.47967963]
 [ 38.77393333  41.28693154  25.47967963 115.20068978]]
DEBUG:gpbo.core.choosers:axisprobs [0.54861544 0.57243043 0.66305926 0.62722848]
INFO:gpbo.core.choosers:checking for +ve definite ball
INFO:gpbo.core.choosers:prob pvedef at xmin 0.08773678963110668
DEBUG:gpbo.core.choosers:eigenvector probs [0.0777667  0.44965105 0.85244267 0.9890329 ]
  0%|          | 0/70 [00:00<?, ?it/s]  0%|          | 0/70 [00:00<?, ?it/s]
INFO:gpbo.core.choosers:no +ve def region, choosereturns 0
INFO:gpbo.core.acquisitions:PESfsaq
INFO:gpbo.core.acquisitions:rotation from choose by 
[[-0.11579723  0.99195699 -0.05085663 -0.00509275]
 [ 0.05806013  0.01237354  0.00918779  0.99819412]
 [-0.9915156  -0.11566813 -0.00440978  0.05914607]
 [ 0.01080942 -0.04989099 -0.99865396  0.00918173]]
INFO:gpbo.core.PES:reusing preselected hyperparameters
INFO:gpbo.core.ESutils:Found 2 unique local min:
[ 0.54212207 -0.37505391  0.34665964 -0.18597669]
[-0.08049597  0.21493007 -0.67439658  0.27783899]
directtime 0
PES init:
Drawing support using lapaprot:
using complex approx
In drawmin with 1750 support drew 52 unique mins from 52. Most freqent min chosen 1.9230769230769231%
drawing mins from support
searching...
DEBUG:gpbo.core.optutils:optresult [-0.25521631] at [-0.42228678  0.52261184  0.16178632 -0.15672526]
INFO:gpbo.core.acquisitions:DIRECT found max PES at [-0.42228678  0.52261184  0.16178632 -0.15672526] b'CONVERGENCE: REL_REDUCTION_OF_F_<=_FACTR*EPSMCH'
INFO:gpbo.core.optimize:AQ returned [-0.4222867770188514, 0.5226118369661862, 0.16178631927350606, -0.15672525960464356] : {'s': 0.0, 'd': [nan]}    aqtime: 0
evaluate:
INFO:gpbo.core.optimize:EV returned 4.606890467231677 : 1.0     evaltime: 0
INFO:gpbo.core.reccomenders:gphin reccomender
directtime 0
f inputs x:[-0.4222867770188514, 0.5226118369661862, 0.16178631927350606, -0.15672525960464356] ev:{'s': 0.0, 'd': [nan]} outputs y:4.606890467231677 (n:0.0) c:1.0
searching...
DEBUG:gpbo.core.optutils:optresult 4.59357130677202 at [-0.43151081  0.5187045   0.18904155 -0.16592783]
INFO:gpbo.core.optimize:RC returned [-0.43151080981060463, 0.5187044991650721, 0.18904155441547502, -0.16592783211772763]     recctime: 0

INFO:gpbo.core.optimize:---------------------
step 14:
INFO:root:globallocalregretchooser with False inflated diagonal
INFO:root:rotate
[[-0.11579723  0.99195699 -0.05085663 -0.00509275]
 [ 0.05806013  0.01237354  0.00918779  0.99819412]
 [-0.9915156  -0.11566813 -0.00440978  0.05914607]
 [ 0.01080942 -0.04989099 -0.99865396  0.00918173]]
INFO:gpbo.core.choosers:building GP
