INFO:gpbo.core.optimize:startopt:
INFO:gpbo.core.optimize:---------------------
step 1:
INFO:gpbo.core.acquisitions:randomaq
INFO:gpbo.core.optimize:AQ returned [-0.061600783634924605, -0.48462439152017867, -0.5353961942462415, 0.41594084233476436] : {'s': 0.0, 'd': [nan]}    aqtime: 0
evaluate:
examples/rastrigin.py:36: DeprecationWarning: scipy.cos is deprecated and will be removed in SciPy 2.0.0, use numpy.cos instead
  sum1 += z[i]**2 - 10*sp.cos(2*sp.pi*z[i])
examples/rastrigin.py:38: DeprecationWarning: scipy.log is deprecated and will be removed in SciPy 2.0.0, use numpy.lib.scimath.log instead
  y = sp.log(y -(0) + 1)
INFO:gpbo.core.optimize:EV returned 4.203480826597029 : 1.0     evaltime: 0
INFO:gpbo.core.reccomenders:argmin reccomender
INFO:gpbo.core.optimize:RC returned [-0.061600783634924605, -0.48462439152017867, -0.5353961942462415, 0.41594084233476436]     recctime: 0

INFO:gpbo.core.optimize:---------------------
step 2:
INFO:gpbo.core.acquisitions:randomaq
INFO:gpbo.core.optimize:AQ returned [0.16343464238517647, 0.723257216575854, -0.5225372204998522, -0.38231166620770285] : {'s': 0.0, 'd': [nan]}    aqtime: 0
evaluate:
INFO:gpbo.core.optimize:EV returned 4.077450382629674 : 1.0     evaltime: 0
INFO:gpbo.core.reccomenders:argmin reccomender
INFO:gpbo.core.optimize:RC returned [0.16343464238517647, 0.723257216575854, -0.5225372204998522, -0.38231166620770285]     recctime: 0

INFO:gpbo.core.optimize:---------------------
step 3:
INFO:gpbo.core.acquisitions:randomaq
INFO:gpbo.core.optimize:AQ returned [0.19015227088049813, -0.3116011651209116, 0.9153346586474578, -0.9209748886688129] : {'s': 0.0, 'd': [nan]}    aqtime: 0
evaluate:
INFO:gpbo.core.optimize:EV returned 4.5339654937050655 : 1.0     evaltime: 0
INFO:gpbo.core.reccomenders:argmin reccomender
INFO:gpbo.core.optimize:RC returned [0.16343464238517647, 0.723257216575854, -0.5225372204998522, -0.38231166620770285]     recctime: 0

INFO:gpbo.core.optimize:---------------------
step 4:
INFO:gpbo.core.acquisitions:randomaq
INFO:gpbo.core.optimize:AQ returned [0.5723708378485015, 0.8357517240748553, 0.5876051822821236, -0.9170649418529282] : {'s': 0.0, 'd': [nan]}    aqtime: 0
evaluate:
INFO:gpbo.core.optimize:EV returned 4.444159811797395 : 1.0     evaltime: 0
INFO:gpbo.core.reccomenders:argmin reccomender
INFO:gpbo.core.optimize:RC returned [0.16343464238517647, 0.723257216575854, -0.5225372204998522, -0.38231166620770285]     recctime: 0

INFO:gpbo.core.optimize:---------------------
step 5:
INFO:gpbo.core.acquisitions:randomaq
INFO:gpbo.core.optimize:AQ returned [0.622430541136425, 0.2121075904301104, 0.629957265568329, -0.6511717117391667] : {'s': 0.0, 'd': [nan]}    aqtime: 0
evaluate:
INFO:gpbo.core.optimize:EV returned 4.172987340651893 : 1.0     evaltime: 0
INFO:gpbo.core.reccomenders:argmin reccomender
INFO:gpbo.core.optimize:RC returned [0.16343464238517647, 0.723257216575854, -0.5225372204998522, -0.38231166620770285]     recctime: 0

INFO:gpbo.core.optimize:---------------------
step 6:
INFO:gpbo.core.acquisitions:randomaq
INFO:gpbo.core.optimize:AQ returned [0.6189669576706829, 0.6569712657764035, 0.7131112716155958, 0.6331743432899446] : {'s': 0.0, 'd': [nan]}    aqtime: 0
evaluate:
INFO:gpbo.core.optimize:EV returned 4.5346566264857735 : 1.0     evaltime: 0
INFO:gpbo.core.reccomenders:argmin reccomender
INFO:gpbo.core.optimize:RC returned [0.16343464238517647, 0.723257216575854, -0.5225372204998522, -0.38231166620770285]     recctime: 0

INFO:gpbo.core.optimize:---------------------
step 7:
INFO:gpbo.core.acquisitions:randomaq
INFO:gpbo.core.optimize:AQ returned [0.26920448142361275, 0.5844393529097311, 0.49507837725066617, 0.009145538540968667] : {'s': 0.0, 'd': [nan]}    aqtime: 0
evaluate:
INFO:gpbo.core.optimize:EV returned 4.020011364185901 : 1.0     evaltime: 0
INFO:gpbo.core.reccomenders:argmin reccomender
INFO:gpbo.core.optimize:RC returned [0.26920448142361275, 0.5844393529097311, 0.49507837725066617, 0.009145538540968667]     recctime: 0

INFO:gpbo.core.optimize:---------------------
step 8:
INFO:gpbo.core.acquisitions:randomaq
INFO:gpbo.core.optimize:AQ returned [0.17535953531652204, -0.8105910022142542, 0.11462021527117638, -0.2849603217364116] : {'s': 0.0, 'd': [nan]}    aqtime: 0
evaluate:
INFO:gpbo.core.optimize:EV returned 4.187303059685191 : 1.0     evaltime: 0
INFO:gpbo.core.reccomenders:argmin reccomender
INFO:gpbo.core.optimize:RC returned [0.26920448142361275, 0.5844393529097311, 0.49507837725066617, 0.009145538540968667]     recctime: 0

INFO:gpbo.core.optimize:---------------------
step 9:
INFO:gpbo.core.acquisitions:randomaq
INFO:gpbo.core.optimize:AQ returned [-0.5870964700951138, -0.2763909856237816, -0.5654906635389423, -0.5509775950760369] : {'s': 0.0, 'd': [nan]}    aqtime: 0
evaluate:
INFO:gpbo.core.optimize:EV returned 4.003123590496488 : 1.0     evaltime: 0
INFO:gpbo.core.reccomenders:argmin reccomender
INFO:gpbo.core.optimize:RC returned [-0.5870964700951138, -0.2763909856237816, -0.5654906635389423, -0.5509775950760369]     recctime: 0

INFO:gpbo.core.optimize:---------------------
step 10:
INFO:gpbo.core.acquisitions:randomaq
INFO:gpbo.core.optimize:AQ returned [0.18770948162927636, -0.591264383872363, 0.1963089878842561, -0.22818026774808886] : {'s': 0.0, 'd': [nan]}    aqtime: 0
evaluate:
INFO:gpbo.core.optimize:EV returned 2.944470857502634 : 1.0     evaltime: 0
INFO:gpbo.core.reccomenders:argmin reccomender
INFO:gpbo.core.optimize:RC returned [0.18770948162927636, -0.591264383872363, 0.1963089878842561, -0.22818026774808886]     recctime: 0

INFO:gpbo.core.optimize:---------------------
step 11:
INFO:root:globallocalregretchooser with False inflated diagonal
INFO:root:rotate
[[1. 0. 0. 0.]
 [0. 1. 0. 0.]
 [0. 0. 1. 0.]
 [0. 0. 0. 1.]]
INFO:gpbo.core.choosers:building GP
  0%|          | 0/605 [00:00<?, ?it/s]  1%|          | 7/605 [00:00<00:11, 53.30it/s]  2%|▏         | 13/605 [00:00<00:10, 54.59it/s]  3%|▎         | 20/605 [00:00<00:10, 56.66it/s]  5%|▍         | 29/605 [00:00<00:09, 62.85it/s]  6%|▌         | 36/605 [00:00<00:09, 63.14it/s]  7%|▋         | 44/605 [00:00<00:08, 66.05it/s]  8%|▊         | 51/605 [00:00<00:08, 66.39it/s] 10%|▉         | 58/605 [00:00<00:08, 65.07it/s] 11%|█         | 65/605 [00:01<00:08, 63.48it/s] 12%|█▏        | 72/605 [00:01<00:08, 61.20it/s] 13%|█▎        | 79/605 [00:01<00:08, 60.06it/s] 14%|█▍        | 85/605 [00:01<00:08, 58.34it/s] 15%|█▌        | 91/605 [00:01<00:09, 56.68it/s] 16%|█▋        | 99/605 [00:01<00:08, 60.33it/s] 18%|█▊        | 107/605 [00:01<00:07, 63.25it/s] 19%|█▉        | 114/605 [00:01<00:07, 63.01it/s] 20%|██        | 122/605 [00:01<00:07, 64.60it/s] 21%|██▏       | 129/605 [00:02<00:07, 63.29it/s] 23%|██▎       | 137/605 [00:02<00:07, 65.00it/s] 24%|██▍       | 144/605 [00:02<00:07, 59.50it/s] 25%|██▍       | 151/605 [00:02<00:07, 60.56it/s] 26%|██▋       | 159/605 [00:02<00:07, 62.20it/s] 27%|██▋       | 166/605 [00:02<00:06, 63.82it/s] 29%|██▊       | 173/605 [00:02<00:06, 64.44it/s] 30%|██▉       | 180/605 [00:02<00:06, 64.24it/s] 31%|███       | 187/605 [00:02<00:06, 64.02it/s] 32%|███▏      | 195/605 [00:03<00:06, 65.98it/s] 33%|███▎      | 202/605 [00:03<00:06, 60.49it/s] 35%|███▍      | 209/605 [00:03<00:06, 58.21it/s] 36%|███▌      | 215/605 [00:03<00:06, 57.83it/s] 37%|███▋      | 223/605 [00:03<00:06, 60.98it/s] 38%|███▊      | 231/605 [00:03<00:05, 64.86it/s] 40%|███▉      | 239/605 [00:03<00:05, 66.14it/s] 41%|████      | 246/605 [00:03<00:05, 64.41it/s] 42%|████▏     | 253/605 [00:04<00:05, 63.91it/s] 43%|████▎     | 260/605 [00:04<00:05, 65.31it/s] 44%|████▍     | 267/605 [00:04<00:05, 64.62it/s] 45%|████▌     | 275/605 [00:04<00:04, 67.30it/s] 47%|████▋     | 282/605 [00:04<00:04, 65.00it/s] 48%|████▊     | 289/605 [00:04<00:05, 59.95it/s] 49%|████▉     | 296/605 [00:04<00:05, 60.35it/s] 50%|█████     | 303/605 [00:04<00:04, 61.58it/s] 51%|█████▏    | 311/605 [00:04<00:04, 64.51it/s] 53%|█████▎    | 321/605 [00:05<00:04, 70.31it/s] 54%|█████▍    | 329/605 [00:05<00:04, 65.35it/s] 56%|█████▌    | 337/605 [00:05<00:04, 66.85it/s] 57%|█████▋    | 345/605 [00:05<00:03, 69.40it/s] 58%|█████▊    | 353/605 [00:05<00:03, 65.50it/s] 60%|█████▉    | 360/605 [00:05<00:03, 64.28it/s] 61%|██████    | 367/605 [00:05<00:03, 63.06it/s] 62%|██████▏   | 375/605 [00:05<00:03, 65.13it/s] 63%|██████▎   | 382/605 [00:05<00:03, 64.46it/s] 64%|██████▍   | 389/605 [00:06<00:03, 64.64it/s] 65%|██████▌   | 396/605 [00:06<00:03, 65.82it/s] 67%|██████▋   | 403/605 [00:06<00:03, 64.11it/s] 68%|██████▊   | 410/605 [00:06<00:03, 64.14it/s] 69%|██████▉   | 419/605 [00:06<00:02, 68.89it/s] 71%|███████   | 427/605 [00:06<00:02, 68.80it/s] 72%|███████▏  | 435/605 [00:06<00:02, 68.47it/s] 73%|███████▎  | 443/605 [00:06<00:02, 69.76it/s] 75%|███████▍  | 451/605 [00:06<00:02, 67.84it/s] 76%|███████▌  | 459/605 [00:07<00:02, 70.48it/s] 77%|███████▋  | 467/605 [00:07<00:01, 69.71it/s] 79%|███████▊  | 475/605 [00:07<00:01, 66.22it/s] 80%|███████▉  | 482/605 [00:07<00:01, 64.87it/s] 81%|████████  | 489/605 [00:07<00:01, 65.14it/s] 82%|████████▏ | 496/605 [00:07<00:01, 66.21it/s] 83%|████████▎ | 503/605 [00:07<00:01, 65.35it/s] 84%|████████▍ | 511/605 [00:07<00:01, 67.35it/s] 86%|████████▌ | 518/605 [00:08<00:01, 64.09it/s] 87%|████████▋ | 526/605 [00:08<00:01, 66.10it/s] 88%|████████▊ | 533/605 [00:08<00:01, 66.53it/s] 89%|████████▉ | 540/605 [00:08<00:01, 61.45it/s] 90%|█████████ | 547/605 [00:08<00:00, 62.89it/s] 92%|█████████▏| 554/605 [00:08<00:00, 61.90it/s] 93%|█████████▎| 561/605 [00:08<00:00, 61.65it/s] 94%|█████████▍| 569/605 [00:08<00:00, 64.49it/s] 95%|█████████▌| 576/605 [00:08<00:00, 59.86it/s] 96%|█████████▋| 583/605 [00:09<00:00, 59.27it/s] 98%|█████████▊| 590/605 [00:09<00:00, 59.10it/s] 99%|█████████▊| 597/605 [00:09<00:00, 61.26it/s]100%|█████████▉| 604/605 [00:09<00:00, 62.00it/s]100%|██████████| 605/605 [00:09<00:00, 64.22it/s]
DEBUG:gpbo.core.ESutils:hyperparameters:
mean   [0.50902097 0.43547931 0.19560421 0.36112463 0.42705159]
median [0.47855102 0.42229739 0.17456296 0.34345137 0.39157893]
std    [0.13558505 0.22457492 0.10852974 0.23666529 0.21713516]
min    [0.31015231 0.05189845 0.04532098 0.03962652 0.13726702]
max    [0.79060263 0.96438386 0.48739889 1.17792874 1.09240566]
removed robo import in opts.py l17 due to theano errors
switch default init
before search
Suffix: rast-blossom-nonoise-1
f inputs x:[-0.061600783634924605, -0.48462439152017867, -0.5353961942462415, 0.41594084233476436] ev:{'s': 0.0, 'd': [nan]} outputs y:4.203480826597029 (n:0.0) c:1.0
checking reccomendation:
f inputs x:[-0.061600783634924605, -0.48462439152017867, -0.5353961942462415, 0.41594084233476436] ev:{'s': 1e-99, 'd': [nan], 'cheattrue': True} outputs y:4.203480826597029 (n:0) c:1.0
f inputs x:[0.16343464238517647, 0.723257216575854, -0.5225372204998522, -0.38231166620770285] ev:{'s': 0.0, 'd': [nan]} outputs y:4.077450382629674 (n:0.0) c:1.0
checking reccomendation:
f inputs x:[0.16343464238517647, 0.723257216575854, -0.5225372204998522, -0.38231166620770285] ev:{'s': 1e-99, 'd': [nan], 'cheattrue': True} outputs y:4.077450382629674 (n:0) c:1.0
f inputs x:[0.19015227088049813, -0.3116011651209116, 0.9153346586474578, -0.9209748886688129] ev:{'s': 0.0, 'd': [nan]} outputs y:4.5339654937050655 (n:-0.0) c:1.0
reusing check
f inputs x:[0.5723708378485015, 0.8357517240748553, 0.5876051822821236, -0.9170649418529282] ev:{'s': 0.0, 'd': [nan]} outputs y:4.444159811797395 (n:-0.0) c:1.0
reusing check
f inputs x:[0.622430541136425, 0.2121075904301104, 0.629957265568329, -0.6511717117391667] ev:{'s': 0.0, 'd': [nan]} outputs y:4.172987340651893 (n:-0.0) c:1.0
reusing check
f inputs x:[0.6189669576706829, 0.6569712657764035, 0.7131112716155958, 0.6331743432899446] ev:{'s': 0.0, 'd': [nan]} outputs y:4.5346566264857735 (n:-0.0) c:1.0
reusing check
f inputs x:[0.26920448142361275, 0.5844393529097311, 0.49507837725066617, 0.009145538540968667] ev:{'s': 0.0, 'd': [nan]} outputs y:4.020011364185901 (n:0.0) c:1.0
checking reccomendation:
f inputs x:[0.26920448142361275, 0.5844393529097311, 0.49507837725066617, 0.009145538540968667] ev:{'s': 1e-99, 'd': [nan], 'cheattrue': True} outputs y:4.020011364185901 (n:0) c:1.0
f inputs x:[0.17535953531652204, -0.8105910022142542, 0.11462021527117638, -0.2849603217364116] ev:{'s': 0.0, 'd': [nan]} outputs y:4.187303059685191 (n:0.0) c:1.0
reusing check
f inputs x:[-0.5870964700951138, -0.2763909856237816, -0.5654906635389423, -0.5509775950760369] ev:{'s': 0.0, 'd': [nan]} outputs y:4.003123590496488 (n:-0.0) c:1.0
checking reccomendation:
f inputs x:[-0.5870964700951138, -0.2763909856237816, -0.5654906635389423, -0.5509775950760369] ev:{'s': 1e-99, 'd': [nan], 'cheattrue': True} outputs y:4.003123590496488 (n:0) c:1.0
f inputs x:[0.18770948162927636, -0.591264383872363, 0.1963089878842561, -0.22818026774808886] ev:{'s': 0.0, 'd': [nan]} outputs y:2.944470857502634 (n:-0.0) c:1.0
checking reccomendation:
f inputs x:[0.18770948162927636, -0.591264383872363, 0.1963089878842561, -0.22818026774808886] ev:{'s': 1e-99, 'd': [nan], 'cheattrue': True} outputs y:2.944470857502634 (n:0) c:1.0
using 1 slice chains
slice sample:
used 126100 plk evals
searching...
DEBUG:gpbo.core.optutils:optresult 2.9369321511941955 at [ 0.18967604 -0.58405197  0.20164862 -0.21589234]
INFO:gpbo.core.choosers:post min at [ 0.18967604 -0.58405197  0.20164862 -0.21589234](true) [[ 0.18967604 -0.58405197  0.20164862 -0.21589234]](rotated) is 2.9369321511941955
INFO:gpbo.core.choosers:post min in on edge in axes []
INFO:gpbo.core.choosers:Var at xmin 0.0030891885592014656
INFO:gpbo.core.choosers:localregretest 0.22585830125010248
DEBUG:gpbo.core.choosers:H,stH
[[5.47029542e+01 4.55505204e-01 1.18399676e-01 4.46892320e-02]
 [4.55505204e-01 1.35797617e+02 1.63976196e+00 9.88325133e-01]
 [1.18399676e-01 1.63976196e+00 9.97340689e+01 5.05391490e-01]
 [4.46892320e-02 9.88325133e-01 5.05391490e-01 2.77617955e+01]]
[[201.74330497  42.9887071   25.24250126  19.65591857]
 [ 42.9887071  284.10786536  56.14300565  33.43811683]
 [ 25.24250126  56.14300565 432.76656513  27.73498292]
 [ 19.65591857  33.43811683  27.73498292  63.34171515]]
DEBUG:gpbo.core.choosers:axisprobs [0.60686266 0.68366745 0.59113165 0.66941056]
INFO:gpbo.core.choosers:checking for +ve definite ball
INFO:gpbo.core.choosers:prob pvedef at xmin 0.12063808574277168
DEBUG:gpbo.core.choosers:eigenvector probs [0.11764706 0.51844467 0.89232303 0.99102692]
  0%|          | 0/70 [00:00<?, ?it/s]  0%|          | 0/70 [00:00<?, ?it/s]
INFO:gpbo.core.choosers:no +ve def region, choosereturns 0
INFO:gpbo.core.acquisitions:PESfsaq
INFO:gpbo.core.acquisitions:rotation from choose by 
[[ 0.00147525  0.00903687  0.00681208 -0.99993487]
 [ 0.99998043 -0.00558445 -0.00244154  0.00140822]
 [-0.0021757   0.04553332 -0.99893997 -0.00639701]
 [-0.00567628 -0.99890633 -0.04545957 -0.00934565]]
INFO:gpbo.core.PES:reusing preselected hyperparameters
INFO:gpbo.core.ESutils:Found 2 unique local min:
[ 0.20291005  0.19746249 -0.23653749  0.52525795]
[ 0.54362523 -0.58535739  0.55749053  0.30989296]
directtime 0
PES init:
Drawing support using lapaprot:
using complex approx
In drawmin with 1750 support drew 49 unique mins from 52. Most freqent min chosen 3.8461538461538463%
drawing mins from support
searching...
DEBUG:gpbo.core.optutils:optresult [-0.4604873] at [ 0.19686462 -0.37356408  0.23377582 -0.19672466]
INFO:gpbo.core.acquisitions:DIRECT found max PES at [ 0.19686462 -0.37356408  0.23377582 -0.19672466] b'CONVERGENCE: NORM_OF_PROJECTED_GRADIENT_<=_PGTOL'
INFO:gpbo.core.optimize:AQ returned [0.19686462186964562, -0.3735640793185878, 0.2337758176460175, -0.196724664059782] : {'s': 0.0, 'd': [nan]}    aqtime: 0
evaluate:
INFO:gpbo.core.optimize:EV returned 2.7936132296070317 : 1.0     evaltime: 0
INFO:gpbo.core.reccomenders:gphin reccomender
directtime 0
f inputs x:[0.19686462186964562, -0.3735640793185878, 0.2337758176460175, -0.196724664059782] ev:{'s': 0.0, 'd': [nan]} outputs y:2.7936132296070317 (n:-0.0) c:1.0
searching...
DEBUG:gpbo.core.optutils:optresult 2.7781214121232027 at [ 0.19609556 -0.38982618  0.22615426 -0.19910803]
INFO:gpbo.core.optimize:RC returned [0.19609555852685223, -0.3898261837938706, 0.22615425891986152, -0.19910803372084182]     recctime: 0

INFO:gpbo.core.optimize:---------------------
step 12:
INFO:root:globallocalregretchooser with False inflated diagonal
INFO:root:rotate
[[ 0.00147525  0.00903687  0.00681208 -0.99993487]
 [ 0.99998043 -0.00558445 -0.00244154  0.00140822]
 [-0.0021757   0.04553332 -0.99893997 -0.00639701]
 [-0.00567628 -0.99890633 -0.04545957 -0.00934565]]
INFO:gpbo.core.choosers:building GP
  0%|          | 0/605 [00:00<?, ?it/s]  1%|          | 6/605 [00:00<00:10, 59.43it/s]  2%|▏         | 13/605 [00:00<00:09, 60.00it/s]  3%|▎         | 19/605 [00:00<00:09, 58.64it/s]  4%|▍         | 26/605 [00:00<00:09, 60.18it/s]  5%|▌         | 33/605 [00:00<00:09, 61.72it/s]  7%|▋         | 40/605 [00:00<00:09, 61.68it/s]  8%|▊         | 47/605 [00:00<00:09, 61.36it/s]  9%|▉         | 55/605 [00:00<00:08, 63.83it/s] 10%|█         | 62/605 [00:01<00:09, 59.94it/s] 11%|█         | 68/605 [00:01<00:09, 58.73it/s] 12%|█▏        | 74/605 [00:01<00:09, 58.92it/s] 13%|█▎        | 81/605 [00:01<00:08, 59.44it/s] 15%|█▍        | 88/605 [00:01<00:08, 61.88it/s] 16%|█▌        | 95/605 [00:01<00:08, 61.28it/s] 17%|█▋        | 102/605 [00:01<00:08, 59.66it/s] 18%|█▊        | 109/605 [00:01<00:07, 62.35it/s] 19%|█▉        | 116/605 [00:01<00:07, 62.40it/s] 20%|██        | 123/605 [00:02<00:07, 62.71it/s] 21%|██▏       | 130/605 [00:02<00:07, 63.00it/s] 23%|██▎       | 137/605 [00:02<00:07, 59.24it/s] 24%|██▎       | 143/605 [00:02<00:07, 59.08it/s] 25%|██▍       | 149/605 [00:02<00:07, 57.70it/s] 26%|██▌       | 156/605 [00:02<00:07, 59.09it/s] 27%|██▋       | 163/605 [00:02<00:07, 59.37it/s] 28%|██▊       | 169/605 [00:02<00:07, 58.18it/s] 29%|██▉       | 176/605 [00:02<00:07, 58.40it/s] 30%|███       | 182/605 [00:03<00:07, 58.31it/s] 31%|███▏      | 190/605 [00:03<00:06, 63.33it/s] 33%|███▎      | 197/605 [00:03<00:06, 64.14it/s] 34%|███▎      | 204/605 [00:03<00:06, 61.91it/s] 35%|███▍      | 211/605 [00:03<00:06, 62.93it/s] 36%|███▌      | 218/605 [00:03<00:06, 61.22it/s] 37%|███▋      | 225/605 [00:03<00:06, 58.47it/s] 38%|███▊      | 231/605 [00:03<00:06, 58.33it/s] 39%|███▉      | 237/605 [00:03<00:06, 56.78it/s] 40%|████      | 243/605 [00:04<00:06, 56.46it/s] 41%|████      | 249/605 [00:04<00:06, 56.78it/s] 42%|████▏     | 256/605 [00:04<00:05, 60.05it/s] 43%|████▎     | 263/605 [00:04<00:05, 57.78it/s] 45%|████▍     | 270/605 [00:04<00:05, 59.04it/s] 46%|████▌     | 277/605 [00:04<00:05, 59.80it/s] 47%|████▋     | 284/605 [00:04<00:05, 57.94it/s] 48%|████▊     | 290/605 [00:04<00:05, 58.38it/s] 49%|████▉     | 298/605 [00:04<00:04, 62.80it/s] 50%|█████     | 305/605 [00:05<00:04, 60.78it/s] 52%|█████▏    | 312/605 [00:05<00:04, 58.78it/s] 53%|█████▎    | 319/605 [00:05<00:04, 60.33it/s] 54%|█████▍    | 326/605 [00:05<00:04, 56.44it/s] 55%|█████▍    | 332/605 [00:05<00:04, 56.48it/s] 56%|█████▌    | 338/605 [00:05<00:04, 55.67it/s] 57%|█████▋    | 344/605 [00:05<00:04, 52.90it/s] 58%|█████▊    | 350/605 [00:05<00:04, 53.83it/s] 59%|█████▉    | 356/605 [00:05<00:04, 55.17it/s] 60%|██████    | 364/605 [00:06<00:04, 59.51it/s] 61%|██████▏   | 371/605 [00:06<00:03, 60.41it/s] 63%|██████▎   | 379/605 [00:06<00:03, 62.38it/s] 64%|██████▍   | 386/605 [00:06<00:03, 63.02it/s] 65%|██████▍   | 393/605 [00:06<00:03, 63.64it/s] 66%|██████▌   | 400/605 [00:06<00:03, 61.81it/s] 67%|██████▋   | 407/605 [00:06<00:03, 62.09it/s] 68%|██████▊   | 414/605 [00:06<00:03, 62.07it/s] 70%|██████▉   | 421/605 [00:07<00:03, 59.56it/s] 71%|███████   | 427/605 [00:07<00:03, 58.03it/s] 72%|███████▏  | 434/605 [00:07<00:02, 59.90it/s] 73%|███████▎  | 441/605 [00:07<00:02, 60.95it/s] 74%|███████▍  | 448/605 [00:07<00:02, 60.82it/s] 75%|███████▌  | 455/605 [00:07<00:02, 62.94it/s] 76%|███████▋  | 462/605 [00:07<00:02, 62.26it/s] 78%|███████▊  | 469/605 [00:07<00:02, 61.24it/s] 79%|███████▉  | 477/605 [00:07<00:02, 63.45it/s] 80%|████████  | 484/605 [00:08<00:02, 60.45it/s] 81%|████████  | 491/605 [00:08<00:01, 61.28it/s] 82%|████████▏ | 498/605 [00:08<00:01, 61.40it/s] 83%|████████▎ | 505/605 [00:08<00:01, 60.76it/s] 85%|████████▍ | 512/605 [00:08<00:01, 60.24it/s] 86%|████████▌ | 519/605 [00:08<00:01, 62.38it/s] 87%|████████▋ | 526/605 [00:08<00:01, 61.84it/s] 88%|████████▊ | 533/605 [00:08<00:01, 60.92it/s] 89%|████████▉ | 540/605 [00:08<00:01, 62.16it/s] 91%|█████████ | 548/605 [00:09<00:00, 64.18it/s] 92%|█████████▏| 555/605 [00:09<00:00, 63.61it/s] 93%|█████████▎| 563/605 [00:09<00:00, 66.69it/s] 94%|█████████▍| 570/605 [00:09<00:00, 64.99it/s] 95%|█████████▌| 577/605 [00:09<00:00, 65.63it/s] 97%|█████████▋| 584/605 [00:09<00:00, 63.69it/s] 98%|█████████▊| 591/605 [00:09<00:00, 60.86it/s] 99%|█████████▉| 598/605 [00:09<00:00, 63.12it/s]100%|██████████| 605/605 [00:09<00:00, 61.90it/s]100%|██████████| 605/605 [00:09<00:00, 60.72it/s]
DEBUG:gpbo.core.ESutils:hyperparameters:
mean   [0.5966967  0.36815756 0.49053365 0.34232013 0.39926134]
median [0.57215555 0.32218052 0.4187306  0.33556952 0.31853229]
std    [0.15256039 0.22468439 0.29416363 0.22338729 0.23268322]
min    [0.41150716 0.0509556  0.05784458 0.05917376 0.05009662]
max    [1.07158756 0.88342348 1.28685257 0.84777859 0.99632397]
directtime 0
checking reccomendation:
f inputs x:[0.19609555852685223, -0.3898261837938706, 0.22615425891986152, -0.19910803372084182] ev:{'s': 1e-99, 'd': [nan], 'cheattrue': True} outputs y:2.5637122864477084 (n:0) c:1.0
using 1 slice chains
slice sample:
used 132617 plk evals
searching...
DEBUG:gpbo.core.optutils:optresult 2.759247705631279 at [ 0.19448423 -0.43967753  0.22839495 -0.20391491]
INFO:gpbo.core.choosers:post min at [ 0.19448423 -0.43967753  0.22839495 -0.20391491](true) [[ 0.20177108  0.19609099 -0.24729151  0.4296157 ]](rotated) is 2.759247705631279
INFO:gpbo.core.choosers:post min in on edge in axes []
INFO:gpbo.core.choosers:Var at xmin 0.03930094286332439
INFO:gpbo.core.choosers:localregretest 0.17140544366712335
DEBUG:gpbo.core.choosers:H,stH
[[ 6.41167727e+01  9.95139683e-02  8.47778373e-01 -7.22388916e-01]
 [ 9.95139683e-02  3.56915206e+01 -2.16395488e-01  1.25747600e-01]
 [ 8.47778373e-01 -2.16395488e-01  1.06085909e+02 -4.59990200e-01]
 [-7.22388916e-01  1.25747600e-01 -4.59990200e-01  8.81663113e+00]]
[[218.53342625  51.50863709  45.31805553  28.52767404]
 [ 51.50863709 144.43769262  35.2248523   30.42798464]
 [ 45.31805553  35.2248523  324.82816793  56.14576977]
 [ 28.52767404  30.42798464  56.14576977 157.46666327]]
DEBUG:gpbo.core.choosers:axisprobs [0.61539015 0.59758717 0.62801132 0.5223253 ]
INFO:gpbo.core.choosers:checking for +ve definite ball
INFO:gpbo.core.choosers:prob pvedef at xmin 0.1036889332003988
DEBUG:gpbo.core.choosers:eigenvector probs [0.07876371 0.4107677  0.81256231 0.97308076]
  0%|          | 0/70 [00:00<?, ?it/s]  0%|          | 0/70 [00:00<?, ?it/s]
INFO:gpbo.core.choosers:no +ve def region, choosereturns 0
INFO:gpbo.core.acquisitions:PESfsaq
INFO:gpbo.core.acquisitions:rotation from choose by 
[[ 0.01035388  0.99844713  0.04995415  0.02237654]
 [ 0.99991956 -0.0101858  -0.00582296  0.00481844]
 [ 0.00519054  0.0209589   0.0276785  -0.99938365]
 [ 0.00517013 -0.05059944  0.99835093  0.02661559]]
INFO:gpbo.core.PES:reusing preselected hyperparameters
INFO:gpbo.core.ESutils:Found 1 unique local min:
[-0.39877689  0.19697858  0.20018689  0.2502058 ]
directtime 0
PES init:
Drawing support using lapaprot:
using complex approx
In drawmin with 1750 support drew 51 unique mins from 52. Most freqent min chosen 3.8461538461538463%
drawing mins from support
searching...
DEBUG:gpbo.core.optutils:optresult [-0.29202897] at [ 0.19555142 -0.47353693  0.23112135 -0.08570779]
INFO:gpbo.core.acquisitions:DIRECT found max PES at [ 0.19555142 -0.47353693  0.23112135 -0.08570779] b'CONVERGENCE: REL_REDUCTION_OF_F_<=_FACTR*EPSMCH'
INFO:gpbo.core.optimize:AQ returned [0.19555141932900494, -0.4735369303913029, 0.23112134849932037, -0.08570778572890915] : {'s': 0.0, 'd': [nan]}    aqtime: 0
evaluate:
INFO:gpbo.core.optimize:EV returned 3.981050222190013 : 1.0     evaltime: 0
INFO:gpbo.core.reccomenders:gphin reccomender
directtime 0
f inputs x:[0.19555141932900494, -0.4735369303913029, 0.23112134849932037, -0.08570778572890915] ev:{'s': 0.0, 'd': [nan]} outputs y:3.981050222190013 (n:0.0) c:1.0
searching...
DEBUG:gpbo.core.optutils:optresult 2.491178431705926 at [ 0.19740143 -0.33458183  0.21959861 -0.29155194]
INFO:gpbo.core.optimize:RC returned [0.1974014259205013, -0.3345818287843169, 0.21959860528167707, -0.2915519428915381]     recctime: 0

INFO:gpbo.core.optimize:---------------------
step 13:
INFO:root:globallocalregretchooser with False inflated diagonal
INFO:root:rotate
[[ 0.01035388  0.99844713  0.04995415  0.02237654]
 [ 0.99991956 -0.0101858  -0.00582296  0.00481844]
 [ 0.00519054  0.0209589   0.0276785  -0.99938365]
 [ 0.00517013 -0.05059944  0.99835093  0.02661559]]
INFO:gpbo.core.choosers:building GP
  0%|          | 0/605 [00:00<?, ?it/s]  1%|          | 7/605 [00:00<00:08, 69.56it/s]  2%|▏         | 14/605 [00:00<00:08, 69.51it/s]  3%|▎         | 20/605 [00:00<00:08, 65.73it/s]  4%|▍         | 27/605 [00:00<00:08, 66.06it/s]  5%|▌         | 32/605 [00:00<00:09, 59.33it/s]  6%|▋         | 39/605 [00:00<00:09, 61.31it/s]  7%|▋         | 45/605 [00:00<00:09, 60.08it/s]  9%|▊         | 52/605 [00:00<00:08, 62.08it/s] 10%|▉         | 59/605 [00:00<00:08, 60.88it/s] 11%|█         | 67/605 [00:01<00:08, 63.41it/s] 12%|█▏        | 75/605 [00:01<00:08, 65.92it/s] 14%|█▎        | 82/605 [00:01<00:08, 64.41it/s] 15%|█▍        | 89/605 [00:01<00:08, 60.95it/s] 16%|█▌        | 96/605 [00:01<00:08, 62.35it/s] 17%|█▋        | 103/605 [00:01<00:08, 59.67it/s] 18%|█▊        | 110/605 [00:01<00:08, 59.09it/s] 19%|█▉        | 117/605 [00:01<00:07, 61.45it/s] 21%|██        | 125/605 [00:01<00:07, 63.36it/s] 22%|██▏       | 132/605 [00:02<00:07, 61.42it/s] 23%|██▎       | 139/605 [00:02<00:07, 61.44it/s] 24%|██▍       | 146/605 [00:02<00:07, 61.75it/s] 25%|██▌       | 153/605 [00:02<00:07, 61.02it/s] 27%|██▋       | 161/605 [00:02<00:06, 65.01it/s] 28%|██▊       | 169/605 [00:02<00:06, 68.27it/s] 29%|██▉       | 176/605 [00:02<00:06, 68.05it/s] 30%|███       | 183/605 [00:02<00:06, 66.55it/s] 31%|███▏      | 190/605 [00:02<00:06, 66.12it/s] 33%|███▎      | 199/605 [00:03<00:05, 70.57it/s] 34%|███▍      | 207/605 [00:03<00:05, 71.97it/s] 36%|███▌      | 215/605 [00:03<00:05, 69.77it/s] 37%|███▋      | 223/605 [00:03<00:05, 69.93it/s] 38%|███▊      | 231/605 [00:03<00:05, 68.50it/s] 39%|███▉      | 238/605 [00:03<00:05, 67.69it/s] 41%|████      | 246/605 [00:03<00:05, 69.67it/s] 42%|████▏     | 254/605 [00:03<00:05, 68.56it/s] 43%|████▎     | 261/605 [00:04<00:05, 66.66it/s] 44%|████▍     | 268/605 [00:04<00:05, 65.80it/s] 45%|████▌     | 275/605 [00:04<00:04, 66.94it/s] 47%|████▋     | 282/605 [00:04<00:04, 66.42it/s] 48%|████▊     | 290/605 [00:04<00:04, 69.20it/s] 49%|████▉     | 298/605 [00:04<00:04, 70.71it/s] 51%|█████     | 306/605 [00:04<00:04, 71.36it/s] 52%|█████▏    | 314/605 [00:04<00:04, 70.17it/s] 53%|█████▎    | 322/605 [00:04<00:04, 68.09it/s] 54%|█████▍    | 329/605 [00:04<00:04, 67.25it/s] 56%|█████▌    | 336/605 [00:05<00:04, 66.84it/s] 57%|█████▋    | 343/605 [00:05<00:03, 67.29it/s] 58%|█████▊    | 351/605 [00:05<00:03, 69.68it/s] 59%|█████▉    | 359/605 [00:05<00:03, 72.24it/s] 61%|██████    | 367/605 [00:05<00:03, 69.47it/s] 62%|██████▏   | 375/605 [00:05<00:03, 67.77it/s] 63%|██████▎   | 382/605 [00:05<00:03, 67.98it/s] 64%|██████▍   | 390/605 [00:05<00:03, 68.34it/s] 66%|██████▌   | 397/605 [00:05<00:03, 68.39it/s] 67%|██████▋   | 405/605 [00:06<00:02, 69.66it/s] 68%|██████▊   | 413/605 [00:06<00:02, 71.18it/s] 70%|██████▉   | 421/605 [00:06<00:02, 68.30it/s] 71%|███████   | 429/605 [00:06<00:02, 70.67it/s] 72%|███████▏  | 437/605 [00:06<00:02, 69.41it/s] 73%|███████▎  | 444/605 [00:06<00:02, 66.80it/s] 75%|███████▍  | 451/605 [00:06<00:02, 66.53it/s] 76%|███████▌  | 458/605 [00:06<00:02, 61.61it/s] 77%|███████▋  | 465/605 [00:07<00:02, 63.18it/s] 78%|███████▊  | 472/605 [00:07<00:02, 64.23it/s] 79%|███████▉  | 479/605 [00:07<00:01, 63.83it/s] 80%|████████  | 487/605 [00:07<00:01, 65.79it/s] 82%|████████▏ | 495/605 [00:07<00:01, 68.24it/s] 83%|████████▎ | 502/605 [00:07<00:01, 66.70it/s] 84%|████████▍ | 509/605 [00:07<00:01, 65.17it/s] 86%|████████▌ | 518/605 [00:07<00:01, 70.47it/s] 87%|████████▋ | 526/605 [00:07<00:01, 71.70it/s] 88%|████████▊ | 534/605 [00:08<00:01, 68.89it/s] 90%|████████▉ | 543/605 [00:08<00:00, 71.66it/s] 91%|█████████ | 551/605 [00:08<00:00, 72.56it/s] 92%|█████████▏| 559/605 [00:08<00:00, 66.18it/s] 94%|█████████▎| 567/605 [00:08<00:00, 68.84it/s] 95%|█████████▌| 575/605 [00:08<00:00, 67.37it/s] 96%|█████████▌| 582/605 [00:08<00:00, 64.96it/s] 97%|█████████▋| 589/605 [00:08<00:00, 65.34it/s] 99%|█████████▊| 596/605 [00:08<00:00, 63.47it/s]100%|█████████▉| 603/605 [00:09<00:00, 63.59it/s]100%|██████████| 605/605 [00:09<00:00, 66.61it/s]
DEBUG:gpbo.core.ESutils:hyperparameters:
mean   [0.59366961 0.50643886 0.40093807 0.09527638 0.34958003]
median [0.56895384 0.4652251  0.31925314 0.0731461  0.29064884]
std    [0.18198933 0.30079115 0.28071483 0.05430022 0.24433795]
min    [0.36703022 0.05638803 0.0441033  0.04500101 0.0281801 ]
max    [1.18889388 1.38748055 1.39017319 0.26009058 1.22687676]
directtime 0
checking reccomendation:
f inputs x:[0.1974014259205013, -0.3345818287843169, 0.21959860528167707, -0.2915519428915381] ev:{'s': 1e-99, 'd': [nan], 'cheattrue': True} outputs y:3.7764524541788376 (n:0) c:1.0
using 1 slice chains
slice sample:
used 118529 plk evals
searching...
DEBUG:gpbo.core.optutils:optresult 2.7700035825825347 at [ 0.19483254 -0.38545867  0.22860667 -0.2067904 ]
INFO:gpbo.core.choosers:post min at [ 0.19483254 -0.38545867  0.22860667 -0.2067904 ](true) [[-0.37605023  0.1964155   0.20592293  0.24323713]](rotated) is 2.7700035825825347
INFO:gpbo.core.choosers:post min in on edge in axes []
INFO:gpbo.core.choosers:Var at xmin 0.007858154094362045
INFO:gpbo.core.choosers:localregretest 0.20990539849982448
DEBUG:gpbo.core.choosers:H,stH
[[ 3.74196229e+01 -1.78732615e-01  5.52768151e+00 -1.82541771e+00]
 [-1.78732615e-01  6.26973770e+01  5.76149574e-01 -2.59144026e-02]
 [ 5.52768151e+00  5.76149574e-01  4.31930547e+02  5.67509603e-03]
 [-1.82541771e+00 -2.59144026e-02  5.67509603e-03  1.04007654e+02]]
[[202.14080444  32.25502915  71.4548346   59.48670216]
 [ 32.25502915 264.14447041 155.53615744  48.0142889 ]
 [ 71.4548346  155.53615744 647.02828027 177.59768045]
 [ 59.48670216  48.0142889  177.59768045 681.59536915]]
DEBUG:gpbo.core.choosers:axisprobs [0.57343122 0.59381131 0.74779292 0.56064094]
INFO:gpbo.core.choosers:checking for +ve definite ball
INFO:gpbo.core.choosers:prob pvedef at xmin 0.10568295114656032
DEBUG:gpbo.core.choosers:eigenvector probs [0.0887338  0.46161515 0.85842473 0.99002991]
  0%|          | 0/70 [00:00<?, ?it/s]  0%|          | 0/70 [00:00<?, ?it/s]
INFO:gpbo.core.choosers:no +ve def region, choosereturns 0
INFO:gpbo.core.acquisitions:PESfsaq
INFO:gpbo.core.acquisitions:rotation from choose by 
[[ 0.01779383  0.99619563  0.07680442  0.03713131]
 [-0.99980833  0.01762861  0.00593341 -0.00610905]
 [-0.00438546  0.0778682  -0.99662664 -0.02554702]
 [-0.00688775 -0.03492921 -0.02830574  0.99896511]]
INFO:gpbo.core.PES:reusing preselected hyperparameters
INFO:gpbo.core.ESutils:Found 3 unique local min:
[-0.33013024 -0.19911566 -0.24560829 -0.24446763]
[-0.29518266  0.71863762 -0.19685315  1.01141351]
[-0.14628316  0.9997286   1.02545562 -0.96329376]
directtime 0
PES init:
Drawing support using lapaprot:
using complex approx
In drawmin with 1750 support drew 47 unique mins from 52. Most freqent min chosen 5.769230769230769%
drawing mins from support
searching...
DEBUG:gpbo.core.optutils:optresult [-0.45409495] at [ 0.19707588 -0.31268395  0.23102442 -0.37566764]
INFO:gpbo.core.acquisitions:DIRECT found max PES at [ 0.19707588 -0.31268395  0.23102442 -0.37566764] b'CONVERGENCE: REL_REDUCTION_OF_F_<=_FACTR*EPSMCH'
INFO:gpbo.core.optimize:AQ returned [0.19707587640869167, -0.31268394888921525, 0.2310244236529225, -0.3756676358333702] : {'s': 0.0, 'd': [nan]}    aqtime: 0
evaluate:
INFO:gpbo.core.optimize:EV returned 3.549366279777815 : 1.0     evaltime: 0
INFO:gpbo.core.reccomenders:gphin reccomender
directtime 0
f inputs x:[0.19707587640869167, -0.31268394888921525, 0.2310244236529225, -0.3756676358333702] ev:{'s': 0.0, 'd': [nan]} outputs y:3.549366279777815 (n:0.0) c:1.0
searching...
DEBUG:gpbo.core.optutils:optresult 2.7578207315443946 at [ 0.19353396 -0.36048102  0.23009294 -0.2133306 ]
INFO:gpbo.core.optimize:RC returned [0.19353395642779334, -0.36048102236672275, 0.23009294194878505, -0.21333059618815048]     recctime: 0

INFO:gpbo.core.optimize:---------------------
step 14:
INFO:root:globallocalregretchooser with False inflated diagonal
INFO:root:rotate
[[ 0.01779383  0.99619563  0.07680442  0.03713131]
 [-0.99980833  0.01762861  0.00593341 -0.00610905]
 [-0.00438546  0.0778682  -0.99662664 -0.02554702]
 [-0.00688775 -0.03492921 -0.02830574  0.99896511]]
INFO:gpbo.core.choosers:building GP
  0%|          | 0/605 [00:00<?, ?it/s]  1%|          | 7/605 [00:00<00:08, 66.82it/s]  2%|▏         | 13/605 [00:00<00:09, 63.82it/s]  3%|▎         | 21/605 [00:00<00:08, 66.70it/s]  5%|▍         | 29/605 [00:00<00:08, 69.09it/s]  6%|▌         | 37/605 [00:00<00:08, 69.38it/s]  7%|▋         | 44/605 [00:00<00:08, 69.36it/s]  8%|▊         | 51/605 [00:00<00:08, 65.51it/s] 10%|▉         | 59/605 [00:00<00:08, 67.41it/s] 11%|█         | 67/605 [00:00<00:07, 70.60it/s] 13%|█▎        | 76/605 [00:01<00:07, 74.76it/s] 14%|█▍        | 84/605 [00:01<00:07, 72.95it/s] 15%|█▌        | 92/605 [00:01<00:07, 69.86it/s] 16%|█▋        | 99/605 [00:01<00:07, 69.21it/s] 18%|█▊        | 107/605 [00:01<00:07, 69.36it/s] 19%|█▉        | 114/605 [00:01<00:07, 67.70it/s] 20%|██        | 121/605 [00:01<00:07, 67.41it/s] 21%|██        | 128/605 [00:01<00:07, 66.28it/s] 22%|██▏       | 135/605 [00:01<00:07, 66.16it/s] 23%|██▎       | 142/605 [00:02<00:06, 67.26it/s] 25%|██▍       | 150/605 [00:02<00:06, 68.08it/s] 26%|██▌       | 157/605 [00:02<00:06, 64.71it/s] 27%|██▋       | 165/605 [00:02<00:06, 67.67it/s] 29%|██▉       | 174/605 [00:02<00:06, 71.23it/s] 30%|███       | 182/605 [00:02<00:05, 72.79it/s] 31%|███▏      | 190/605 [00:02<00:05, 70.23it/s] 33%|███▎      | 198/605 [00:02<00:05, 71.77it/s] 34%|███▍      | 206/605 [00:02<00:05, 72.38it/s] 35%|███▌      | 214/605 [00:03<00:05, 72.65it/s] 37%|███▋      | 222/605 [00:03<00:05, 64.86it/s] 38%|███▊      | 229/605 [00:03<00:05, 65.81it/s] 39%|███▉      | 237/605 [00:03<00:05, 68.75it/s] 40%|████      | 245/605 [00:03<00:05, 71.55it/s] 42%|████▏     | 253/605 [00:03<00:05, 70.03it/s] 43%|████▎     | 261/605 [00:03<00:05, 68.59it/s] 44%|████▍     | 269/605 [00:03<00:04, 71.21it/s] 46%|████▌     | 277/605 [00:03<00:04, 69.33it/s] 47%|████▋     | 284/605 [00:04<00:04, 69.25it/s] 48%|████▊     | 291/605 [00:04<00:04, 69.37it/s] 49%|████▉     | 299/605 [00:04<00:04, 70.30it/s] 51%|█████     | 307/605 [00:04<00:04, 71.50it/s] 52%|█████▏    | 315/605 [00:04<00:04, 69.45it/s] 53%|█████▎    | 323/605 [00:04<00:04, 69.01it/s] 55%|█████▍    | 330/605 [00:04<00:04, 64.06it/s] 56%|█████▌    | 337/605 [00:04<00:04, 63.36it/s] 57%|█████▋    | 345/605 [00:05<00:03, 66.46it/s] 58%|█████▊    | 352/605 [00:05<00:03, 65.69it/s] 60%|█████▉    | 360/605 [00:05<00:03, 67.16it/s] 61%|██████    | 368/605 [00:05<00:03, 68.78it/s] 62%|██████▏   | 375/605 [00:05<00:03, 65.24it/s] 63%|██████▎   | 382/605 [00:05<00:03, 61.23it/s] 65%|██████▍   | 391/605 [00:05<00:03, 67.08it/s] 66%|██████▌   | 399/605 [00:05<00:03, 67.91it/s] 67%|██████▋   | 407/605 [00:05<00:02, 69.10it/s] 69%|██████▊   | 415/605 [00:06<00:02, 69.87it/s] 70%|██████▉   | 423/605 [00:06<00:02, 69.33it/s] 71%|███████   | 430/605 [00:06<00:02, 66.87it/s] 72%|███████▏  | 438/605 [00:06<00:02, 69.29it/s] 74%|███████▎  | 446/605 [00:06<00:02, 70.58it/s] 75%|███████▌  | 454/605 [00:06<00:02, 69.33it/s] 76%|███████▋  | 462/605 [00:06<00:02, 69.02it/s] 78%|███████▊  | 469/605 [00:06<00:02, 66.13it/s] 79%|███████▊  | 476/605 [00:06<00:01, 64.71it/s] 80%|████████  | 485/605 [00:07<00:01, 69.34it/s] 81%|████████▏ | 493/605 [00:07<00:01, 70.34it/s] 83%|████████▎ | 501/605 [00:07<00:01, 63.93it/s] 84%|████████▍ | 509/605 [00:07<00:01, 65.42it/s] 85%|████████▌ | 516/605 [00:07<00:01, 63.18it/s] 86%|████████▋ | 523/605 [00:07<00:01, 63.11it/s] 88%|████████▊ | 531/605 [00:07<00:01, 66.04it/s] 89%|████████▉ | 539/605 [00:07<00:00, 68.76it/s] 90%|█████████ | 546/605 [00:07<00:00, 67.14it/s] 92%|█████████▏| 554/605 [00:08<00:00, 68.91it/s] 93%|█████████▎| 561/605 [00:08<00:00, 68.50it/s] 94%|█████████▍| 568/605 [00:08<00:00, 68.83it/s] 95%|█████████▌| 576/605 [00:08<00:00, 70.85it/s] 97%|█████████▋| 584/605 [00:08<00:00, 68.43it/s] 98%|█████████▊| 592/605 [00:08<00:00, 69.67it/s] 99%|█████████▉| 600/605 [00:08<00:00, 65.89it/s]100%|██████████| 605/605 [00:08<00:00, 68.44it/s]
DEBUG:gpbo.core.ESutils:hyperparameters:
mean   [0.61856546 0.30055244 0.50057798 0.27367175 0.21916949]
median [0.56956443 0.21998848 0.4596943  0.26575113 0.15588675]
std    [0.16507234 0.28067536 0.27230046 0.16921006 0.20524182]
min    [0.34468779 0.02731382 0.07408661 0.02782322 0.01992287]
max    [1.20407232 1.22823563 1.20866309 0.76844832 0.88885167]
directtime 0
checking reccomendation:
f inputs x:[0.19353395642779334, -0.36048102236672275, 0.23009294194878505, -0.21333059618815048] ev:{'s': 1e-99, 'd': [nan], 'cheattrue': True} outputs y:2.975370758242023 (n:0) c:1.0
using 1 slice chains
slice sample:
used 114761 plk evals
searching...
DEBUG:gpbo.core.optutils:optresult 2.7813593874944713 at [ 0.19552598 -0.37255823  0.23065772 -0.20436233]
INFO:gpbo.core.choosers:post min at [ 0.19552598 -0.37255823  0.23065772 -0.20436233](true) [[-0.35753443 -0.19943914 -0.25452668 -0.19901334]](rotated) is 2.7813593874944713
INFO:gpbo.core.choosers:post min in on edge in axes []
INFO:gpbo.core.choosers:Var at xmin 0.004945965041886526
INFO:gpbo.core.choosers:localregretest 0.3093799620782071
DEBUG:gpbo.core.choosers:H,stH
[[ 3.10845418e+02  4.13854544e-01  2.07972740e+00 -1.35031089e+01]
 [ 4.13854544e-01  4.14858208e+01  1.09606149e-01 -3.81480673e-01]
 [ 2.07972740e+00  1.09606149e-01  1.48773873e+02 -7.95050499e-01]
 [-1.35031089e+01 -3.81480673e-01 -7.95050499e-01  3.66310214e+02]]
[[ 987.04518782   58.43191816  131.47260795   99.05653635]
 [  58.43191816  183.27343442   56.03868644   85.61299938]
 [ 131.47260795   56.03868644  602.54743327  173.09057963]
 [  99.05653635   85.61299938  173.09057963 1452.46497527]]
DEBUG:gpbo.core.choosers:axisprobs [0.62359078 0.58953938 0.59751035 0.59955637]
INFO:gpbo.core.choosers:checking for +ve definite ball
INFO:gpbo.core.choosers:prob pvedef at xmin 0.09371884346959122
DEBUG:gpbo.core.choosers:eigenvector probs [0.111665   0.45663011 0.84845464 0.97706879]
  0%|          | 0/70 [00:00<?, ?it/s]  0%|          | 0/70 [00:00<?, ?it/s]
INFO:gpbo.core.choosers:no +ve def region, choosereturns 0
INFO:gpbo.core.acquisitions:PESfsaq
INFO:gpbo.core.acquisitions:rotation from choose by 
[[-0.99983569  0.01604555  0.0067703  -0.00502896]
 [ 0.00559174 -0.06523428  0.9975858   0.0231471 ]
 [ 0.0145405   0.96368953  0.05689208  0.26048869]
 [-0.00926785 -0.25843669 -0.03924311  0.96518628]]
INFO:gpbo.core.PES:reusing preselected hyperparameters
